# seed=20260903 num_cases=5

CASE 1 4 1
P
32767
0
0
0
16383
16383
0
0
10922
10922
10922
0
8191
8191
8191
8191
V
-64
-63
-62
-61
-60
-59
-58
-57
-56
-55
-54
-53
-52
-51
-50
-49
-48
-47
-46
-45
-44
-43
-42
-41
-40
-39
-38
-37
-36
-35
-34
-33
-32
-31
-30
-29
-28
-27
-26
-25
-24
-23
-22
-21
-20
-19
-18
-17
-16
-15
-14
-13
-12
-11
-10
-9
-8
-7
-6
-5
-4
-3
-2
-1
EXPECT
-64
-63
-62
-61
-60
-59
-58
-57
-56
-55
-54
-53
-52
-51
-50
-49
-56
-55
-54
-53
-52
-51
-50
-49
-48
-47
-46
-45
-44
-43
-42
-41
-48
-47
-46
-45
-44
-43
-42
-41
-40
-39
-38
-37
-36
-35
-34
-33
-40
-39
-38
-37
-36
-35
-34
-33
-32
-31
-30
-29
-28
-27
-26
-25
END

CASE 2 2 1
P
32767
0
0
32767
V
-109
100
-26
-77
117
-95
-31
-82
32
127
20
74
-115
-32
2
4
-3
-82
53
45
-57
-51
-72
-108
127
71
-103
-37
43
-89
76
-9
EXPECT
-109
100
-26
-77
117
-95
-31
-82
32
127
20
74
-115
-32
2
4
-3
-82
53
45
-57
-51
-72
-108
127
71
-103
-37
43
-89
76
-9
END

CASE 3 3 1
P
32767
0
0
32767
0
0
0
32767
0
V
47
-56
38
63
34
122
83
-96
3
65
75
34
39
66
83
115
4
98
-21
46
126
-112
-89
20
4
67
74
95
112
85
-101
-109
-119
-41
-113
42
-100
94
-113
47
97
104
13
-97
-18
-27
3
4
EXPECT
47
-56
38
63
34
122
83
-96
3
65
75
34
39
66
83
115
47
-56
38
63
34
122
83
-96
3
65
75
34
39
66
83
115
4
98
-21
46
126
-112
-89
20
4
67
74
95
112
85
-101
-109
END

CASE 4 3 1
P
32767
0
0
0
32767
0
32767
0
0
V
28
-97
-29
-66
-60
-8
115
-13
-39
-45
70
123
0
77
-41
-124
100
-83
-17
-11
37
-118
10
-57
-127
-5
93
118
109
36
-128
-24
6
70
-73
-32
-121
-69
125
122
-12
79
98
-53
-52
-104
42
48
EXPECT
28
-97
-29
-66
-60
-8
115
-13
-39
-45
70
123
0
77
-41
-124
100
-83
-17
-11
37
-118
10
-57
-127
-5
93
118
109
36
-127
-24
28
-97
-29
-66
-60
-8
115
-13
-39
-45
70
123
0
77
-41
-124
END

CASE 5 3 0
P
32767
0
0
31214
1553
0
28861
3906
0
V
27
-24
94
-101
-68
-84
99
-102
50
21
46
43
-123
47
-79
92
-55
-29
-96
-4
100
73
-115
-89
-88
95
-95
96
-68
104
48
109
126
-44
-77
-85
-61
22
114
-126
-27
4
-16
-62
-119
45
59
-126
EXPECT
27
-24
94
-101
-68
-84
99
-102
50
21
46
43
-123
47
-79
92
23
-24
85
-96
-60
-77
89
-101
43
25
39
46
-120
50
-73
93
17
-25
71
-89
-48
-65
73
-100
34
30
29
49
-116
54
-64
94
END
