# seed=42 num_cases=120
# format: CASE id K gap hold expected
#         BEAT a0 a1 a2 a3 b0 b1 b2 b3 keep
#         END

CASE 1 1 0 2 35
BEAT 7 0 0 0 5 0 0 0 0001
END

CASE 2 3 0 2 -20
BEAT 2 -4 6 0 3 5 -1 0 0111
END

CASE 3 4 0 2 -72
BEAT 1 3 -5 7 2 4 6 -8 1111
END

CASE 4 5 0 2 0
BEAT 1 2 3 4 2 -3 2 -3 1111
BEAT 5 0 0 0 2 0 0 0 0001
END

CASE 5 7 0 2 91
BEAT 10 11 12 13 1 1 1 1 1111
BEAT 14 15 16 0 1 1 1 0 0111
END

CASE 6 8 0 2 8
BEAT 3 -2 3 -2 1 2 3 4 1111
BEAT 3 -2 3 -2 5 6 7 8 1111
END

CASE 7 16 0 2 -7
BEAT -8 -7 -6 -5 4 -1 -1 4 1111
BEAT -4 -3 -2 -1 -1 -1 4 -1 1111
BEAT 0 1 2 3 -1 4 -1 -1 1111
BEAT 4 5 6 7 4 -1 -1 4 1111
END

CASE 8 17 0 2 306
BEAT 17 16 15 14 2 2 2 2 1111
BEAT 13 12 11 10 2 2 2 2 1111
BEAT 9 8 7 6 2 2 2 2 1111
BEAT 5 4 3 2 2 2 2 2 1111
BEAT 1 0 0 0 2 0 0 0 0001
END

CASE 9 4 0 2 32512
BEAT -128 127 -1 0 -128 127 1 0 1111
END

CASE 10 7 2 2 91
BEAT 10 11 12 13 1 1 1 1 1111
BEAT 14 15 16 0 1 1 1 0 0111
END

CASE 11 1 0 2 16384
BEAT -128 0 0 0 -128 0 0 0 0001
END

CASE 12 2 0 2 -32512
BEAT 127 -128 0 0 -128 127 0 0 0011
END

CASE 13 4 0 2 0
BEAT 0 0 0 0 0 0 0 0 1111
END

CASE 14 256 0 3 0
BEAT 1 -1 1 -1 1 1 1 1 1111
BEAT 1 -1 1 -1 1 1 1 1 1111
BEAT 1 -1 1 -1 1 1 1 1 1111
BEAT 1 -1 1 -1 1 1 1 1 1111
BEAT 1 -1 1 -1 1 1 1 1 1111
BEAT 1 -1 1 -1 1 1 1 1 1111
BEAT 1 -1 1 -1 1 1 1 1 1111
BEAT 1 -1 1 -1 1 1 1 1 1111
BEAT 1 -1 1 -1 1 1 1 1 1111
BEAT 1 -1 1 -1 1 1 1 1 1111
BEAT 1 -1 1 -1 1 1 1 1 1111
BEAT 1 -1 1 -1 1 1 1 1 1111
BEAT 1 -1 1 -1 1 1 1 1 1111
BEAT 1 -1 1 -1 1 1 1 1 1111
BEAT 1 -1 1 -1 1 1 1 1 1111
BEAT 1 -1 1 -1 1 1 1 1 1111
BEAT 1 -1 1 -1 1 1 1 1 1111
BEAT 1 -1 1 -1 1 1 1 1 1111
BEAT 1 -1 1 -1 1 1 1 1 1111
BEAT 1 -1 1 -1 1 1 1 1 1111
BEAT 1 -1 1 -1 1 1 1 1 1111
BEAT 1 -1 1 -1 1 1 1 1 1111
BEAT 1 -1 1 -1 1 1 1 1 1111
BEAT 1 -1 1 -1 1 1 1 1 1111
BEAT 1 -1 1 -1 1 1 1 1 1111
BEAT 1 -1 1 -1 1 1 1 1 1111
BEAT 1 -1 1 -1 1 1 1 1 1111
BEAT 1 -1 1 -1 1 1 1 1 1111
BEAT 1 -1 1 -1 1 1 1 1 1111
BEAT 1 -1 1 -1 1 1 1 1 1111
BEAT 1 -1 1 -1 1 1 1 1 1111
BEAT 1 -1 1 -1 1 1 1 1 1111
BEAT 1 -1 1 -1 1 1 1 1 1111
BEAT 1 -1 1 -1 1 1 1 1 1111
BEAT 1 -1 1 -1 1 1 1 1 1111
BEAT 1 -1 1 -1 1 1 1 1 1111
BEAT 1 -1 1 -1 1 1 1 1 1111
BEAT 1 -1 1 -1 1 1 1 1 1111
BEAT 1 -1 1 -1 1 1 1 1 1111
BEAT 1 -1 1 -1 1 1 1 1 1111
BEAT 1 -1 1 -1 1 1 1 1 1111
BEAT 1 -1 1 -1 1 1 1 1 1111
BEAT 1 -1 1 -1 1 1 1 1 1111
BEAT 1 -1 1 -1 1 1 1 1 1111
BEAT 1 -1 1 -1 1 1 1 1 1111
BEAT 1 -1 1 -1 1 1 1 1 1111
BEAT 1 -1 1 -1 1 1 1 1 1111
BEAT 1 -1 1 -1 1 1 1 1 1111
BEAT 1 -1 1 -1 1 1 1 1 1111
BEAT 1 -1 1 -1 1 1 1 1 1111
BEAT 1 -1 1 -1 1 1 1 1 1111
BEAT 1 -1 1 -1 1 1 1 1 1111
BEAT 1 -1 1 -1 1 1 1 1 1111
BEAT 1 -1 1 -1 1 1 1 1 1111
BEAT 1 -1 1 -1 1 1 1 1 1111
BEAT 1 -1 1 -1 1 1 1 1 1111
BEAT 1 -1 1 -1 1 1 1 1 1111
BEAT 1 -1 1 -1 1 1 1 1 1111
BEAT 1 -1 1 -1 1 1 1 1 1111
BEAT 1 -1 1 -1 1 1 1 1 1111
BEAT 1 -1 1 -1 1 1 1 1 1111
BEAT 1 -1 1 -1 1 1 1 1 1111
BEAT 1 -1 1 -1 1 1 1 1 1111
BEAT 1 -1 1 -1 1 1 1 1 1111
END

CASE 15 64 3 2 73975
BEAT -128 -121 -114 -107 -128 -115 -102 -89 1111
BEAT -100 -93 -86 -79 -76 -63 -50 -37 1111
BEAT -72 -65 -58 -51 -24 -11 2 15 1111
BEAT -44 -37 -30 -23 28 41 54 67 1111
BEAT -16 -9 -2 5 80 93 106 119 1111
BEAT 12 19 26 33 -123 -110 -97 -84 1111
BEAT 40 47 54 61 -71 -58 -45 -32 1111
BEAT 68 75 82 89 -19 -6 7 20 1111
BEAT 96 103 110 117 33 46 59 72 1111
BEAT 124 -124 -117 -110 85 98 111 124 1111
BEAT -103 -96 -89 -82 -118 -105 -92 -79 1111
BEAT -75 -68 -61 -54 -66 -53 -40 -27 1111
BEAT -47 -40 -33 -26 -14 -1 12 25 1111
BEAT -19 -12 -5 2 38 51 64 77 1111
BEAT 9 16 23 30 90 103 116 -126 1111
BEAT 37 44 51 58 -113 -100 -87 -74 1111
END

CASE 16 4 0 1 42
BEAT 2 3 4 5 3 3 3 3 1111
END

CASE 17 1 0 1 -30
BEAT -5 0 0 0 6 0 0 0 0001
END

CASE 18 15 0 2 9582
BEAT -116 12 -3 -14 86 -16 101 14 1111
BEAT -57 -76 -84 88 -125 -47 88 46 1111
BEAT -112 -113 -81 -17 14 -49 -18 44 1111
BEAT -9 -115 -27 0 -76 -81 66 0 0111
END

CASE 19 45 0 1 23812
BEAT 7 -106 107 -65 74 106 -55 7 1111
BEAT 65 -88 22 57 -57 -2 6 91 1111
BEAT -30 -93 -105 -12 76 57 -16 -58 1111
BEAT 20 -88 -9 -77 124 -82 -104 -72 1111
BEAT 66 14 104 58 -50 -47 88 -96 1111
BEAT -45 61 53 -21 69 67 111 0 1111
BEAT 8 -92 -41 -3 -123 -70 8 46 1111
BEAT -45 108 66 10 -71 22 94 -48 1111
BEAT -16 38 -100 -11 104 -127 6 -37 1111
BEAT -112 33 77 9 -74 24 -27 -50 1111
BEAT -95 -20 33 -20 63 -46 -128 37 1111
BEAT 127 0 0 0 122 0 0 0 0001
END

CASE 20 47 1 2 30015
BEAT 29 -6 -99 -5 -80 -79 92 53 1111
BEAT -88 -85 120 -93 88 82 111 -101 1111
BEAT -64 -63 115 -44 -78 -97 78 45 1111
BEAT 7 88 -20 -26 -73 -1 -30 -31 1111
BEAT 31 76 63 96 101 -57 88 -35 1111
BEAT 103 -67 -2 -13 14 108 -1 -90 1111
BEAT -96 45 -118 -11 98 -78 -103 -121 1111
BEAT -16 -125 -92 -98 -81 -7 -43 80 1111
BEAT -11 -94 -112 41 120 118 -19 77 1111
BEAT -92 -7 14 120 -98 -44 66 -127 1111
BEAT -19 -61 114 -4 71 7 104 18 1111
BEAT 114 80 -31 0 88 121 -49 0 0111
END

CASE 21 28 1 3 -33878
BEAT -99 -97 32 -99 106 33 -91 -124 1111
BEAT -103 116 -48 -99 106 -77 -91 -19 1111
BEAT -87 -33 -93 -94 7 -61 50 -93 1111
BEAT -8 78 -67 -2 -3 61 17 -48 1111
BEAT -108 -87 86 33 96 26 -124 25 1111
BEAT 5 -24 32 -6 -75 -60 7 -69 1111
BEAT 7 74 -61 25 -74 -49 11 16 1111
END

CASE 22 44 3 1 -19679
BEAT -24 7 122 0 -1 8 -47 -73 1111
BEAT -102 -81 88 13 67 -109 112 -15 1111
BEAT -106 -127 42 -62 -26 107 51 28 1111
BEAT 6 -46 98 90 -12 -14 -116 -30 1111
BEAT -124 -71 -90 -52 76 40 14 -93 1111
BEAT -110 61 -53 92 14 51 76 41 1111
BEAT -63 -107 29 58 -114 -69 5 -37 1111
BEAT -108 55 -21 -1 7 -109 -73 94 1111
BEAT -76 53 80 -49 48 32 95 -69 1111
BEAT -7 -45 -38 83 69 -31 2 -106 1111
BEAT -116 -37 42 82 95 -128 -28 58 1111
END

CASE 23 43 1 3 -11727
BEAT 32 -65 25 30 -29 68 125 76 1111
BEAT 81 39 78 23 -4 -53 -126 -74 1111
BEAT -63 -30 87 66 89 -16 -38 109 1111
BEAT -39 26 79 -128 -103 -1 -66 105 1111
BEAT 27 18 -21 92 -60 109 34 98 1111
BEAT 36 110 98 98 90 100 -47 115 1111
BEAT -19 114 -42 -85 102 4 -2 13 1111
BEAT 17 43 -81 -8 120 -6 12 97 1111
BEAT 30 -13 -27 -53 -89 18 -8 11 1111
BEAT -116 -105 -3 115 43 35 -87 -58 1111
BEAT -91 105 84 0 -51 -10 68 0 0111
END

CASE 24 28 1 3 -11111
BEAT -96 84 80 41 -44 111 -63 -115 1111
BEAT 110 84 -97 -23 73 -115 -86 91 1111
BEAT 87 71 -118 66 -59 108 -35 -103 1111
BEAT 116 -125 52 24 5 66 39 -20 1111
BEAT 71 86 -16 121 104 39 44 66 1111
BEAT -16 11 95 120 14 87 1 -87 1111
BEAT -114 71 44 79 112 -119 -102 51 1111
END

CASE 25 9 0 3 11087
BEAT -108 -113 -2 -26 -70 -17 110 3 1111
BEAT -118 -50 -6 -64 60 -43 -70 -45 1111
BEAT 114 0 0 0 31 0 0 0 0001
END

CASE 26 4 0 3 -9448
BEAT 31 64 75 -27 -90 -4 -76 26 1111
END

CASE 27 6 1 2 -8230
BEAT 49 91 61 -93 87 122 -74 93 1111
BEAT 46 -122 0 0 57 107 0 0 0011
END

CASE 28 23 2 2 -4248
BEAT 10 119 110 95 15 13 -123 -31 1111
BEAT 9 37 -3 -84 -85 -5 80 122 1111
BEAT 14 102 -4 109 -5 115 123 101 1111
BEAT 66 44 -114 125 -120 -81 22 -15 1111
BEAT 38 -35 121 -20 79 -4 28 60 1111
BEAT 53 4 46 0 114 48 89 0 0111
END

CASE 29 59 2 1 -22130
BEAT 10 28 0 -10 28 -98 -78 -22 1111
BEAT -67 -30 33 -67 -20 7 -87 -48 1111
BEAT -34 -30 -18 119 -6 -40 -90 -48 1111
BEAT 13 16 -77 -29 -127 81 102 112 1111
BEAT 23 -12 56 -37 21 -112 -10 19 1111
BEAT 26 -121 -64 12 16 104 -92 -9 1111
BEAT -105 -101 21 -64 7 -27 89 -70 1111
BEAT 123 -76 -122 17 -13 -52 8 -56 1111
BEAT 112 117 97 46 -92 -98 -44 29 1111
BEAT -34 -102 1 116 19 96 -65 111 1111
BEAT -70 -95 77 123 27 78 11 124 1111
BEAT -91 -101 -51 -52 96 -87 -108 93 1111
BEAT 27 -85 -1 -68 37 0 -115 -82 1111
BEAT 85 -13 66 102 -11 -118 9 -108 1111
BEAT 98 24 91 0 -39 112 98 0 0111
END

CASE 30 56 0 3 -36331
BEAT 123 -82 112 50 -4 105 -54 68 1111
BEAT 81 42 36 -75 -31 -59 -93 13 1111
BEAT -46 40 82 125 84 46 8 -127 1111
BEAT 19 77 -110 104 16 24 122 -52 1111
BEAT -83 33 1 37 100 119 48 42 1111
BEAT -69 78 -128 108 65 105 36 -32 1111
BEAT 83 -101 -32 57 -6 68 -9 82 1111
BEAT 127 98 -102 -24 -106 34 114 67 1111
BEAT 8 -61 19 96 69 -51 125 -110 1111
BEAT 120 -66 -114 -6 -64 41 -77 97 1111
BEAT -47 31 -121 80 -77 105 -121 -55 1111
BEAT -81 -13 -70 108 81 -49 -90 112 1111
BEAT -68 -50 127 21 7 45 75 -87 1111
BEAT 11 84 119 113 40 66 34 121 1111
END

CASE 31 9 1 1 -17292
BEAT -8 19 -12 -82 25 -114 -105 38 1111
BEAT 94 -78 -77 99 -100 22 55 63 1111
BEAT -43 0 0 0 92 0 0 0 0001
END

CASE 32 53 3 2 34618
BEAT -36 -41 -39 -88 -61 -82 23 39 1111
BEAT 67 -5 126 -55 84 -39 -26 -61 1111
BEAT -10 108 2 107 59 11 -44 3 1111
BEAT 2 -124 110 19 118 23 45 -70 1111
BEAT -48 -91 98 48 111 -90 -56 -13 1111
BEAT 25 89 0 105 75 59 -82 74 1111
BEAT 26 -27 68 119 -121 7 -65 104 1111
BEAT -74 -7 67 55 60 6 67 62 1111
BEAT 23 23 -117 74 -73 -9 113 -116 1111
BEAT 12 -124 -103 126 39 -15 -96 109 1111
BEAT 18 -11 52 -16 26 81 -69 -57 1111
BEAT -31 0 -58 -79 -105 -109 27 124 1111
BEAT -108 30 97 -111 -69 -79 -8 -59 1111
BEAT 58 0 0 0 70 0 0 0 0001
END

CASE 33 54 0 2 1743
BEAT -49 84 -78 122 87 -70 -96 115 1111
BEAT 80 15 -112 61 101 57 -73 103 1111
BEAT -17 99 99 -8 -15 -106 26 106 1111
BEAT 57 -78 60 55 -113 -97 117 77 1111
BEAT -97 75 13 -31 90 -73 123 99 1111
BEAT -66 104 -82 -20 -91 -87 36 -53 1111
BEAT -118 -103 42 -4 -95 -64 12 38 1111
BEAT -64 -23 -93 -22 67 22 104 92 1111
BEAT -18 -9 40 -53 -78 -70 -18 92 1111
BEAT -127 13 -54 -62 103 -12 83 45 1111
BEAT 0 -39 -72 -115 104 76 84 -80 1111
BEAT -61 -121 55 -7 32 90 32 2 1111
BEAT 37 -120 -39 7 63 -50 114 -94 1111
BEAT -102 -64 0 0 -82 -85 0 0 0011
END

CASE 34 13 0 1 -9740
BEAT 62 -62 -98 40 -20 -49 118 -14 1111
BEAT -66 82 53 88 -73 51 60 -70 1111
BEAT -102 19 31 52 14 -13 91 -115 1111
BEAT -75 0 0 0 8 0 0 0 0001
END

CASE 35 35 3 3 -42124
BEAT 30 45 51 -125 48 92 -72 17 1111
BEAT -36 -55 77 -93 121 29 -105 -16 1111
BEAT -56 -113 -82 -18 74 -100 -125 -24 1111
BEAT 64 86 104 46 26 -20 -58 2 1111
BEAT -48 61 31 38 20 39 -67 -125 1111
BEAT -85 -102 -49 -48 126 92 -39 -62 1111
BEAT -103 -87 11 98 66 -11 53 -92 1111
BEAT 89 120 98 84 75 -107 95 -119 1111
BEAT 11 -18 -70 0 107 -89 32 0 0111
END

CASE 36 52 3 3 30857
BEAT 85 20 -70 79 30 108 103 -109 1111
BEAT -118 38 -41 107 -99 60 18 -89 1111
BEAT 57 -83 95 -74 -82 68 108 -107 1111
BEAT -4 95 77 -88 102 -32 36 115 1111
BEAT 74 30 45 -15 -51 -97 102 -76 1111
BEAT 42 -42 -89 -70 47 -85 -40 -108 1111
BEAT -29 50 51 -53 -2 96 96 -47 1111
BEAT -8 -76 -54 3 58 62 16 70 1111
BEAT -27 -40 -50 -90 81 45 -102 43 1111
BEAT -38 124 109 101 -95 40 -80 69 1111
BEAT 37 33 -51 97 17 1 -52 42 1111
BEAT -94 112 98 27 -87 -56 51 30 1111
BEAT 12 -100 52 -91 72 -62 -85 30 1111
END

CASE 37 43 3 3 -26422
BEAT -63 -81 88 57 67 86 -46 -26 1111
BEAT -119 57 30 -36 -58 0 -102 118 1111
BEAT -19 46 120 -30 62 -76 -65 17 1111
BEAT -13 -58 -49 -89 -86 -46 11 102 1111
BEAT 23 -77 -109 44 -53 95 -82 -15 1111
BEAT -61 64 -50 -45 102 50 -115 84 1111
BEAT -36 -44 96 -106 -101 74 63 -8 1111
BEAT 82 58 -7 99 69 -87 63 -14 1111
BEAT 17 101 -9 -6 -114 35 -78 43 1111
BEAT 30 112 -29 60 -54 -58 -109 18 1111
BEAT 97 108 16 0 113 -57 112 0 0111
END

CASE 38 1 2 1 10472
BEAT -88 0 0 0 -119 0 0 0 0001
END

CASE 39 20 1 1 31818
BEAT 88 -72 19 -7 -5 85 -33 -85 1111
BEAT 26 -66 -104 -6 56 -94 -118 71 1111
BEAT 86 106 -96 -72 112 -106 70 63 1111
BEAT 127 -120 -5 -55 1 -120 54 -94 1111
BEAT 21 91 -128 52 48 -5 -75 42 1111
END

CASE 40 46 3 3 -1859
BEAT 45 -39 109 117 -88 39 23 28 1111
BEAT -35 -59 -96 106 100 90 -43 99 1111
BEAT -110 22 -25 -106 51 100 -107 52 1111
BEAT -26 -107 33 30 94 12 -99 -90 1111
BEAT 75 114 1 -110 79 58 -47 -113 1111
BEAT -31 18 54 -104 -55 96 -111 -64 1111
BEAT 41 11 -65 60 -94 -8 59 57 1111
BEAT 95 76 97 69 68 -112 -50 102 1111
BEAT 45 -33 126 126 61 62 99 -89 1111
BEAT 60 8 -86 89 -58 59 75 32 1111
BEAT -88 92 -36 22 14 -1 -70 -115 1111
BEAT 36 -76 0 0 -33 127 0 0 0011
END

CASE 41 16 1 3 6461
BEAT 6 5 100 -19 -95 20 25 -48 1111
BEAT 18 123 -26 -66 -39 57 -14 -66 1111
BEAT -59 -91 103 -40 -26 -57 -7 124 1111
BEAT 99 -84 35 49 -115 56 60 111 1111
END

CASE 42 12 1 2 -3388
BEAT -95 30 75 117 48 -63 -35 -62 1111
BEAT 82 81 -91 -64 93 -100 -65 -50 1111
BEAT 34 -91 102 110 27 -44 -46 37 1111
END

CASE 43 37 2 1 -12437
BEAT -88 0 -28 12 32 35 48 76 1111
BEAT -64 27 -81 -42 -62 61 -74 35 1111
BEAT -50 -41 44 -107 -5 110 -66 8 1111
BEAT -114 -87 -105 7 102 -2 -56 -79 1111
BEAT -21 85 -113 126 -103 20 68 86 1111
BEAT 20 26 119 -3 -1 -47 39 32 1111
BEAT 79 24 104 -91 -31 -47 127 111 1111
BEAT -98 -48 97 84 127 29 126 -117 1111
BEAT 119 109 -24 46 -82 73 106 -5 1111
BEAT -55 0 0 0 -18 0 0 0 0001
END

CASE 44 7 0 3 15360
BEAT 16 125 112 18 -60 7 59 78 1111
BEAT -124 -73 92 0 59 -105 77 0 0111
END

CASE 45 25 0 3 -21091
BEAT 57 19 -91 69 39 35 -45 73 1111
BEAT 102 15 -68 -63 25 44 122 25 1111
BEAT -79 73 63 45 115 -120 60 41 1111
BEAT 59 -55 -27 77 -72 85 29 -115 1111
BEAT -108 -105 -109 -58 114 7 -12 -102 1111
BEAT 42 114 105 -52 117 -41 66 -53 1111
BEAT -57 0 0 0 -4 0 0 0 0001
END

CASE 46 15 1 3 -9218
BEAT -31 -119 97 32 64 32 -40 107 1111
BEAT 86 -51 83 -24 47 53 7 119 1111
BEAT 82 113 -97 -58 -30 -2 14 24 1111
BEAT -22 38 116 0 -13 24 19 0 0111
END

CASE 47 63 2 1 -12701
BEAT 34 117 50 12 104 124 -60 111 1111
BEAT 19 -66 66 74 11 -30 -71 41 1111
BEAT 48 -54 20 -107 -45 106 3 -33 1111
BEAT 19 -88 49 98 -121 44 23 -30 1111
BEAT 3 117 -19 -25 -39 79 90 39 1111
BEAT 10 11 -58 -73 -84 77 -80 -34 1111
BEAT -6 -4 -103 -13 -57 116 37 -1 1111
BEAT -9 -102 -77 83 -125 5 68 -8 1111
BEAT 41 113 -77 -58 100 8 40 26 1111
BEAT -126 -48 80 115 -123 5 56 -8 1111
BEAT 116 -26 19 36 -97 -68 110 29 1111
BEAT 18 -98 -83 -10 -47 79 31 -68 1111
BEAT -109 -39 85 -38 23 60 -15 -16 1111
BEAT -110 75 125 -33 -60 116 -50 104 1111
BEAT 20 -109 -124 24 63 84 113 -17 1111
BEAT -74 43 17 0 -2 -87 100 0 0111
END

CASE 48 15 0 2 -20426
BEAT -97 -25 -52 -44 105 -99 108 29 1111
BEAT 39 98 -69 -23 -117 74 2 -127 1111
BEAT 122 -82 100 -100 -17 -91 -105 88 1111
BEAT 104 -61 84 0 48 -96 -98 0 0111
END

CASE 49 5 0 3 4658
BEAT 18 81 -36 -59 63 67 101 65 1111
BEAT 87 0 0 0 64 0 0 0 0001
END

CASE 50 18 0 1 36696
BEAT 50 -68 -37 73 -32 -71 -112 86 1111
BEAT -63 -14 -127 -117 -120 -5 -23 -94 1111
BEAT 24 109 89 66 -77 -111 100 -104 1111
BEAT -11 -2 107 49 -3 -106 77 96 1111
BEAT -49 13 0 0 -9 -17 0 0 0011
END

CASE 51 38 2 1 46294
BEAT -9 35 36 -7 41 -88 102 61 1111
BEAT 26 -55 -15 83 -81 -31 -102 9 1111
BEAT 25 12 -97 -39 65 -108 -91 -32 1111
BEAT 90 125 -104 48 -17 117 -22 42 1111
BEAT 67 35 85 81 27 -121 -20 -31 1111
BEAT -52 25 64 -34 -68 117 -4 -24 1111
BEAT 114 -5 -13 25 75 -6 36 16 1111
BEAT -55 109 -99 83 66 110 55 29 1111
BEAT 85 -60 70 -4 5 56 126 110 1111
BEAT 2 -24 0 0 -78 112 0 0 0011
END

CASE 52 48 0 1 -4705
BEAT 32 83 -105 -15 -120 12 18 -120 1111
BEAT -54 -120 5 85 92 -37 -74 -79 1111
BEAT 23 -50 -28 40 -52 -5 -30 1 1111
BEAT -11 66 -3 127 53 8 75 -88 1111
BEAT 44 3 122 123 63 79 107 -4 1111
BEAT 107 -42 52 -42 -13 25 -87 -112 1111
BEAT -57 122 -34 -98 -81 79 66 65 1111
BEAT -111 -90 -104 -125 115 -100 -124 -41 1111
BEAT 83 -58 -10 -94 -86 127 94 41 1111
BEAT -51 -124 -17 105 -80 -107 -11 -20 1111
BEAT 63 -98 119 121 115 10 -105 -90 1111
BEAT -120 -125 82 -122 15 -112 -37 33 1111
END

CASE 53 19 3 2 -17751
BEAT 75 -89 25 -45 -113 11 102 123 1111
BEAT -5 71 41 68 -12 54 64 93 1111
BEAT -57 -88 49 -101 -33 66 -85 23 1111
BEAT -78 95 -10 -90 -2 -91 -86 9 1111
BEAT 46 75 39 0 -50 66 -50 0 0111
END

CASE 54 47 3 2 -64255
BEAT -74 -82 -126 29 125 -28 106 -74 1111
BEAT 99 56 10 -76 -59 27 -125 74 1111
BEAT -61 -84 -33 92 42 66 40 97 1111
BEAT 101 80 -76 -115 43 92 -59 25 1111
BEAT -83 53 -81 38 36 -26 117 32 1111
BEAT 69 -122 21 83 -38 75 35 21 1111
BEAT 70 -85 -4 -42 123 -4 38 64 1111
BEAT 66 -42 -57 9 15 73 58 -70 1111
BEAT 26 9 124 -54 -26 -36 -115 108 1111
BEAT -96 -43 94 13 -21 96 21 -93 1111
BEAT 87 25 119 -89 81 127 -57 27 1111
BEAT 56 0 -2 0 -5 1 -50 0 0111
END

CASE 55 10 1 2 -6281
BEAT 101 117 77 86 -43 -106 76 41 1111
BEAT -110 56 -85 -73 92 -74 -123 -78 1111
BEAT -1 53 0 0 4 -15 0 0 0011
END

CASE 56 48 3 3 17137
BEAT 72 109 -51 48 71 -126 -19 -23 1111
BEAT -116 119 -75 23 14 -96 -76 -33 1111
BEAT 84 -85 -69 -56 59 38 -28 106 1111
BEAT 50 31 47 105 -70 6 122 32 1111
BEAT -23 119 50 115 70 72 -70 50 1111
BEAT -79 96 103 35 52 106 -40 24 1111
BEAT -94 25 -106 -70 -85 -60 32 -68 1111
BEAT -117 47 -73 -44 -6 28 -69 -35 1111
BEAT -4 -39 -47 41 63 -56 70 86 1111
BEAT 90 108 -10 79 -58 68 88 -33 1111
BEAT -34 -33 93 74 121 -40 -43 122 1111
BEAT -114 -27 102 91 19 -57 -33 33 1111
END

CASE 57 7 0 1 -23770
BEAT 55 -124 120 -59 81 123 84 99 1111
BEAT -29 68 125 0 122 -43 -86 0 0111
END

CASE 58 38 3 2 33602
BEAT -112 12 -13 19 21 20 8 -80 1111
BEAT -42 106 125 -71 -59 82 -98 13 1111
BEAT -70 9 59 -107 -64 -61 -1 -54 1111
BEAT 97 -17 89 -76 36 -2 73 122 1111
BEAT -2 24 -112 102 -56 9 84 64 1111
BEAT 6 50 -84 96 103 -90 -81 78 1111
BEAT -68 -7 -21 51 14 60 104 121 1111
BEAT 91 -44 -57 -23 39 -127 -81 106 1111
BEAT -23 -98 51 15 55 -96 75 -17 1111
BEAT -42 37 0 0 91 -20 0 0 0011
END

CASE 59 42 2 3 18405
BEAT 17 44 -62 120 -124 47 -67 88 1111
BEAT 47 -104 -105 -78 -61 116 -92 -11 1111
BEAT 107 -120 -65 -48 68 -83 -76 -76 1111
BEAT 97 105 -128 91 32 60 25 -58 1111
BEAT -25 -61 26 -47 67 -60 -55 -93 1111
BEAT 12 -81 56 0 -124 -44 97 51 1111
BEAT -86 62 -44 -102 -19 -51 82 98 1111
BEAT 74 28 -9 91 -17 -84 -77 -57 1111
BEAT -82 -80 -128 -19 -65 68 51 91 1111
BEAT 116 -89 -61 -13 33 -57 -2 13 1111
BEAT 99 -124 0 0 -85 -1 0 0 0011
END

CASE 60 4 3 1 12113
BEAT 26 -23 -32 72 23 -101 -6 125 1111
END

CASE 61 31 3 2 6452
BEAT 127 -92 -122 56 -49 39 72 -95 1111
BEAT 34 -61 70 87 30 95 -6 -99 1111
BEAT 59 -40 113 -91 -3 -84 94 -69 1111
BEAT -120 -94 -121 6 104 -100 30 -39 1111
BEAT -18 -108 -98 75 -67 -122 -58 -123 1111
BEAT 18 84 88 77 -45 126 49 4 1111
BEAT -86 -50 14 -86 -43 62 -64 9 1111
BEAT 30 -88 -24 0 -68 -113 43 0 0111
END

CASE 62 9 0 2 -13655
BEAT 6 -89 126 105 -48 2 -76 -69 1111
BEAT 56 -100 127 -43 -12 -127 -106 -122 1111
BEAT 60 0 0 0 -3 0 0 0 0001
END

CASE 63 47 3 2 -19102
BEAT 68 -52 -37 -110 29 -75 -23 -7 1111
BEAT 86 -14 36 -1 86 123 -98 -56 1111
BEAT 85 35 10 -89 15 -81 -106 -10 1111
BEAT 62 -67 -102 -37 83 62 106 -85 1111
BEAT -14 -105 77 -93 -80 -60 73 -90 1111
BEAT 110 16 31 39 -97 94 -62 -7 1111
BEAT -84 105 -124 60 21 5 33 73 1111
BEAT -26 21 27 -4 39 34 103 11 1111
BEAT 109 60 124 -28 -9 -90 -25 -59 1111
BEAT -3 -51 -125 81 -73 -49 -74 -44 1111
BEAT -116 -9 49 -124 102 110 32 80 1111
BEAT 43 -128 64 0 -67 55 -22 0 0111
END

CASE 64 60 1 3 62208
BEAT 7 -67 -82 -48 100 -52 -111 -3 1111
BEAT 27 -108 -18 39 23 127 82 117 1111
BEAT -53 -82 -1 54 -97 -84 15 68 1111
BEAT 74 -103 25 5 -58 86 -26 -1 1111
BEAT -39 -113 79 103 -119 67 55 117 1111
BEAT -1 -80 108 -76 120 48 36 70 1111
BEAT -57 -66 -122 -97 10 -36 -115 35 1111
BEAT -15 -62 -27 77 -16 -113 15 -99 1111
BEAT 62 -85 4 -90 113 55 -9 -47 1111
BEAT -117 -95 -27 99 -77 -2 -5 8 1111
BEAT -63 -81 41 -66 -100 -16 70 53 1111
BEAT -107 108 -103 -42 -40 -38 -7 34 1111
BEAT 93 74 126 -113 55 -114 52 -56 1111
BEAT 67 90 -40 53 -32 124 30 -39 1111
BEAT -19 -33 12 15 123 -109 -82 -100 1111
END

CASE 65 29 0 2 27510
BEAT -118 116 -128 41 -14 -39 65 29 1111
BEAT -25 -62 46 -38 22 -63 -38 -128 1111
BEAT 37 -98 -117 -53 72 -112 -35 34 1111
BEAT -56 -72 58 -91 -15 -75 126 -56 1111
BEAT 63 74 -77 44 41 -89 -7 49 1111
BEAT 26 37 -59 -48 35 -43 -83 43 1111
BEAT 95 121 34 -39 100 -123 7 -21 1111
BEAT 54 0 0 0 -1 0 0 0 0001
END

CASE 66 33 0 2 -905
BEAT -73 -128 -104 69 -113 92 -44 94 1111
BEAT 96 86 -43 83 -48 -101 -77 41 1111
BEAT 124 65 51 64 -23 -31 81 7 1111
BEAT -77 117 -13 -45 16 24 -7 -79 1111
BEAT 103 -91 -111 22 -103 73 123 -50 1111
BEAT -118 35 5 -75 -101 56 -127 90 1111
BEAT -91 47 -41 64 -84 22 117 -26 1111
BEAT -46 -90 -81 45 -79 -115 -23 -41 1111
BEAT 119 0 0 0 21 0 0 0 0001
END

CASE 67 15 3 3 4174
BEAT 29 75 113 122 97 110 6 -13 1111
BEAT 7 -82 70 -34 9 -97 -51 -79 1111
BEAT 61 67 61 -33 -85 48 83 -12 1111
BEAT 100 -106 6 0 -97 70 86 0 0111
END

CASE 68 31 2 2 2747
BEAT 115 25 -88 74 84 -52 -53 -77 1111
BEAT -111 -53 -67 101 -74 -77 18 48 1111
BEAT -40 -43 -20 -30 82 7 68 120 1111
BEAT -64 -107 88 -88 114 -109 -40 13 1111
BEAT 94 -25 -53 4 78 -55 77 -109 1111
BEAT 35 -94 -84 70 74 41 -7 -103 1111
BEAT 75 38 13 106 115 9 62 -118 1111
BEAT -122 86 -71 0 44 27 31 0 0111
END

CASE 69 13 0 2 -8156
BEAT -12 -60 25 98 63 -100 -47 -95 1111
BEAT 36 9 85 -83 31 78 -59 -114 1111
BEAT -32 98 -20 80 -40 -30 -26 -99 1111
BEAT 120 0 0 0 -1 0 0 0 0001
END

CASE 70 7 2 2 2511
BEAT 56 -27 12 60 -113 -5 62 122 1111
BEAT 109 75 -65 0 100 -38 114 0 0111
END

CASE 71 21 2 2 -24135
BEAT 4 -82 17 -114 28 12 88 64 1111
BEAT 69 -103 -45 -19 50 107 1 -17 1111
BEAT -15 -13 -23 9 110 26 75 -76 1111
BEAT 81 -118 -124 114 -125 63 16 24 1111
BEAT -61 -40 -124 -14 -73 118 -96 44 1111
BEAT 1 0 0 0 13 0 0 0 0001
END

CASE 72 34 0 2 -5128
BEAT 24 -32 -52 -5 -14 29 87 41 1111
BEAT -99 78 35 -57 62 5 22 109 1111
BEAT -115 126 23 4 -68 112 -101 -92 1111
BEAT 86 79 70 -110 113 -29 -67 67 1111
BEAT -31 47 -15 115 24 83 -101 -51 1111
BEAT 55 25 -41 -36 -58 -26 47 81 1111
BEAT 22 -79 113 -63 106 -55 33 -36 1111
BEAT 4 -35 43 -83 -87 121 42 -38 1111
BEAT -15 53 0 0 32 -99 0 0 0011
END

CASE 73 36 3 3 -14698
BEAT -21 -42 -47 122 94 -60 47 122 1111
BEAT -83 -62 94 91 55 -32 -44 78 1111
BEAT 78 91 116 68 -119 -12 -14 -61 1111
BEAT -126 -109 -26 63 -20 -117 -42 -65 1111
BEAT -121 36 -31 -119 59 -109 64 2 1111
BEAT -126 -1 -13 48 -104 -104 -73 -118 1111
BEAT 31 -62 -76 68 -104 -69 85 99 1111
BEAT 28 -43 -95 -105 66 -65 1 114 1111
BEAT 24 20 105 44 -50 -23 -124 26 1111
END

CASE 74 13 0 3 13475
BEAT 10 -58 86 -75 55 81 23 -46 1111
BEAT -68 16 -70 -74 -108 126 -22 118 1111
BEAT 126 -27 -26 6 41 -8 -127 -122 1111
BEAT -25 0 0 0 -83 0 0 0 0001
END

CASE 75 64 0 1 -3464
BEAT -52 -82 -90 -77 -14 45 -80 93 1111
BEAT 3 -10 105 23 -1 118 49 69 1111
BEAT 7 109 -103 -77 -52 -101 -123 -48 1111
BEAT -39 -108 20 56 112 125 -44 -90 1111
BEAT 32 90 -69 -80 123 36 -5 41 1111
BEAT -105 -124 -58 -41 14 -103 -14 65 1111
BEAT 40 55 96 9 78 -8 -88 107 1111
BEAT -81 62 47 -35 99 101 -83 127 1111
BEAT -70 77 76 105 100 33 -68 126 1111
BEAT 11 69 116 87 -119 -76 78 83 1111
BEAT -43 -71 -61 -98 -110 -128 -82 27 1111
BEAT -47 -75 85 119 -23 105 46 58 1111
BEAT 96 -36 66 55 -101 -14 104 41 1111
BEAT -114 -62 119 121 114 58 103 -70 1111
BEAT -71 82 97 -105 -79 -15 -127 46 1111
BEAT -96 5 32 -122 53 21 63 -74 1111
END

CASE 76 64 3 1 -40008
BEAT -57 81 -74 2 -26 8 -46 18 1111
BEAT -28 -32 -67 73 0 -54 -97 23 1111
BEAT -18 106 -31 45 -24 -112 55 103 1111
BEAT -73 84 -105 -65 -76 -14 71 -7 1111
BEAT 102 106 -60 127 19 -104 67 70 1111
BEAT -126 -104 93 119 85 32 -101 -122 1111
BEAT -38 -40 -63 -75 0 -25 98 -13 1111
BEAT 70 36 68 86 60 -28 -29 22 1111
BEAT -1 12 75 47 101 -38 -90 -33 1111
BEAT 22 103 -60 -58 -40 -67 65 -108 1111
BEAT 83 25 32 -17 91 14 7 -62 1111
BEAT -26 -21 20 48 -46 2 -126 41 1111
BEAT -61 -37 37 -69 110 -49 -108 -50 1111
BEAT 52 117 85 18 37 -102 26 123 1111
BEAT 88 -122 -74 -116 55 -91 34 -16 1111
BEAT 67 -54 -101 -100 -34 -94 -47 84 1111
END

CASE 77 45 0 3 -12663
BEAT -15 -19 41 41 -109 -84 -91 -101 1111
BEAT 56 22 -17 115 -37 0 -92 -12 1111
BEAT -124 -70 49 100 4 80 70 102 1111
BEAT -5 -4 -108 36 79 93 33 -120 1111
BEAT 67 -70 69 3 71 -68 -125 -96 1111
BEAT 16 -116 63 100 -105 -91 55 -74 1111
BEAT 121 -106 23 -30 20 26 -84 16 1111
BEAT 36 -86 -79 -43 96 67 74 -113 1111
BEAT -125 -95 -21 -19 114 -48 -16 -59 1111
BEAT 89 -75 -23 94 72 23 -55 24 1111
BEAT -92 -50 -116 107 63 -123 -56 -65 1111
BEAT 41 0 0 0 -107 0 0 0 0001
END

CASE 78 51 2 2 -14680
BEAT -85 28 -21 48 108 100 55 28 1111
BEAT -20 83 -56 -46 121 -73 -39 -87 1111
BEAT -34 -15 1 -29 15 -57 -28 6 1111
BEAT -70 -36 -101 108 -89 -90 -119 -113 1111
BEAT -91 20 -94 0 79 -20 -110 5 1111
BEAT -78 -27 121 41 113 -52 59 72 1111
BEAT 54 -63 -8 -77 -14 20 -60 109 1111
BEAT 17 -93 -29 34 -82 75 58 -123 1111
BEAT 120 102 40 28 -6 -44 -57 100 1111
BEAT -50 58 33 91 -47 -37 -54 119 1111
BEAT -42 -126 32 -2 55 -108 -16 121 1111
BEAT -15 95 13 56 -10 -96 7 61 1111
BEAT -60 41 117 0 -9 -107 -23 0 0111
END

CASE 79 61 3 3 22686
BEAT 104 -105 -108 37 113 118 -41 -16 1111
BEAT -76 12 6 -39 82 -55 -35 7 1111
BEAT 64 65 59 -89 -43 47 104 -93 1111
BEAT 0 64 -14 79 -11 65 69 -61 1111
BEAT 52 48 121 118 -73 -120 -25 86 1111
BEAT -125 -57 97 -44 -52 -79 -38 115 1111
BEAT -11 -89 15 -20 -109 -68 -81 118 1111
BEAT -52 -33 -48 57 -62 -128 92 87 1111
BEAT -68 -11 84 41 61 -106 91 -11 1111
BEAT -70 118 117 117 118 67 51 -78 1111
BEAT -21 -46 82 -117 89 -60 2 116 1111
BEAT -4 -106 -63 -46 -9 -86 17 81 1111
BEAT -60 -108 -53 -100 3 -32 -126 -125 1111
BEAT -43 4 -36 79 -68 -125 64 -23 1111
BEAT -119 17 -85 -18 33 81 57 -74 1111
BEAT 101 0 0 0 -49 0 0 0 0001
END

CASE 80 33 0 1 7201
BEAT 5 88 59 13 -96 6 -15 61 1111
BEAT 75 -24 83 119 -88 -109 68 77 1111
BEAT -37 61 119 1 18 -99 -39 125 1111
BEAT 29 48 75 -58 96 -123 -25 18 1111
BEAT -68 -11 100 -46 -29 -111 -10 -42 1111
BEAT -77 -19 77 45 -110 56 -6 -128 1111
BEAT -102 -46 71 -126 -48 -84 13 76 1111
BEAT -82 -54 113 94 52 74 79 -26 1111
BEAT -83 0 0 0 -121 0 0 0 0001
END

CASE 81 37 3 1 -12082
BEAT 50 49 13 -13 6 -1 19 -81 1111
BEAT -29 104 78 -126 76 47 -90 -37 1111
BEAT 5 -39 80 -74 115 32 53 -17 1111
BEAT -91 22 46 -69 9 -35 -31 127 1111
BEAT 3 0 98 65 -26 -8 -5 7 1111
BEAT 119 -4 45 106 -23 -11 -25 -1 1111
BEAT 107 -114 118 -69 54 -49 -74 -67 1111
BEAT 4 -94 67 -16 -88 124 -125 -107 1111
BEAT -11 33 83 52 118 62 33 124 1111
BEAT -124 0 0 0 12 0 0 0 0001
END

CASE 82 36 2 2 8696
BEAT 75 -15 -63 -101 77 15 102 -36 1111
BEAT 88 116 -112 49 -61 -11 -77 10 1111
BEAT 73 -39 106 -67 -8 93 67 -28 1111
BEAT 107 33 -124 -122 -54 -52 114 -124 1111
BEAT -21 66 -77 38 -38 87 127 -60 1111
BEAT 57 4 -33 6 33 121 25 0 1111
BEAT -7 9 113 47 -104 75 -78 -45 1111
BEAT 59 -34 127 89 -98 -18 2 115 1111
BEAT -21 86 62 58 -79 102 43 5 1111
END

CASE 83 33 1 1 -31762
BEAT 48 -118 82 -66 57 102 83 -43 1111
BEAT 51 -27 -39 17 -34 -117 -64 -8 1111
BEAT 53 38 121 100 0 -88 -21 -43 1111
BEAT -88 67 18 109 75 -76 -80 -96 1111
BEAT -54 -43 44 87 114 -101 -115 75 1111
BEAT 79 -92 -88 -46 -86 -75 6 -49 1111
BEAT 47 -12 32 34 -85 71 30 -11 1111
BEAT 21 8 74 10 -2 17 98 -64 1111
BEAT 99 0 0 0 -61 0 0 0 0001
END

CASE 84 5 2 2 11423
BEAT 54 38 115 111 99 -59 -38 105 1111
BEAT 11 0 0 0 94 0 0 0 0001
END

CASE 85 62 1 1 -7565
BEAT -12 -83 98 29 -64 96 -124 -9 1111
BEAT 59 83 5 -49 -82 -51 -121 124 1111
BEAT 27 -123 -128 -59 -17 47 87 31 1111
BEAT 48 18 112 -124 127 62 109 -112 1111
BEAT 123 116 25 -124 41 -87 -54 -100 1111
BEAT 92 21 -10 -125 8 72 -92 112 1111
BEAT 63 -32 82 95 -36 -30 0 67 1111
BEAT 74 -1 -45 71 -122 -66 -1 69 1111
BEAT 65 -16 6 -88 98 -2 -111 -27 1111
BEAT 88 -6 11 17 107 -80 -22 114 1111
BEAT 9 83 -32 -93 71 31 37 -47 1111
BEAT -35 -59 20 -72 -107 -66 1 118 1111
BEAT 105 103 11 123 24 -27 56 -102 1111
BEAT -32 36 -119 -51 -17 -71 -8 94 1111
BEAT -103 -117 -33 -76 38 -121 -43 13 1111
BEAT 16 9 0 0 -67 74 0 0 0011
END

CASE 86 6 1 3 27053
BEAT 115 -49 62 -83 127 -82 45 -98 1111
BEAT -1 -48 0 0 -98 54 0 0 0011
END

CASE 87 14 2 3 -21085
BEAT -64 121 -9 34 96 22 122 -31 1111
BEAT 49 96 -30 -118 -33 50 37 111 1111
BEAT 65 55 -60 0 12 -46 -93 -49 1111
BEAT -108 120 0 0 102 23 0 0 0011
END

CASE 88 47 0 2 -9514
BEAT 104 -128 66 -34 8 -108 -92 27 1111
BEAT -119 58 -6 36 -89 -18 -79 -77 1111
BEAT -96 70 -31 126 -10 69 -31 -30 1111
BEAT -50 16 37 81 -1 -37 84 -74 1111
BEAT 36 -72 -79 -94 55 106 90 -75 1111
BEAT -106 -62 -37 -112 -43 -36 77 44 1111
BEAT -25 -74 120 -30 -48 98 52 33 1111
BEAT -78 -112 70 122 38 62 83 92 1111
BEAT 3 -103 59 -15 37 -5 -19 64 1111
BEAT -92 -122 -22 123 2 56 103 101 1111
BEAT -88 111 -97 56 75 -128 -111 17 1111
BEAT 84 60 -99 0 -120 -59 26 0 0111
END

CASE 89 29 0 2 -39093
BEAT -19 33 -117 13 -88 -100 43 50 1111
BEAT -49 -80 -109 107 94 85 -67 -12 1111
BEAT 54 -49 -58 7 -123 67 -101 28 1111
BEAT 59 -1 -9 3 -107 35 -52 39 1111
BEAT 25 -81 76 -17 -15 -50 -103 73 1111
BEAT -89 38 119 -40 100 -82 -15 93 1111
BEAT 121 -80 25 -109 20 73 -53 -61 1111
BEAT 67 0 0 0 44 0 0 0 0001
END

CASE 90 7 0 2 1873
BEAT 76 6 -85 76 118 -27 121 74 1111
BEAT 94 -62 -59 0 -28 -2 -4 0 0111
END

CASE 91 56 1 2 -19036
BEAT 37 -83 -71 83 10 56 -73 -119 1111
BEAT 88 59 50 -31 21 69 -10 66 1111
BEAT 36 48 -116 28 -78 33 120 -83 1111
BEAT -42 51 98 -54 -33 -27 106 -117 1111
BEAT 97 -106 -9 -26 -108 -2 28 42 1111
BEAT 63 -49 -85 -71 122 73 -48 -119 1111
BEAT -101 -4 -53 19 49 52 53 26 1111
BEAT -121 47 -72 28 -8 13 -97 3 1111
BEAT 102 113 -117 41 70 -113 15 -13 1111
BEAT -21 -20 -24 4 -51 46 73 -58 1111
BEAT 119 -56 -119 64 -84 67 -12 85 1111
BEAT -106 2 -41 -98 -5 -50 90 31 1111
BEAT 17 -26 10 -101 40 101 -61 -23 1111
BEAT 110 -124 -94 70 -58 -25 -58 30 1111
END

CASE 92 19 1 1 16425
BEAT -48 34 -94 -68 -115 8 -10 -10 1111
BEAT -34 34 -54 -113 -10 -115 55 -88 1111
BEAT 35 83 82 27 116 -60 112 63 1111
BEAT 98 12 -51 -32 -34 70 123 114 1111
BEAT -74 -61 -34 0 -58 -45 -30 0 0111
END

CASE 93 53 0 1 -34099
BEAT -121 10 83 -15 104 -25 104 -82 1111
BEAT -25 -24 -95 -38 0 37 -45 -65 1111
BEAT 96 122 38 106 -82 -70 102 57 1111
BEAT -2 90 79 -107 -85 68 -47 65 1111
BEAT 66 32 73 -109 66 -106 -41 43 1111
BEAT -73 103 105 -107 -52 -45 -54 -37 1111
BEAT -3 74 -108 70 -102 86 29 30 1111
BEAT -103 -31 21 97 100 19 -36 -68 1111
BEAT 75 27 18 108 -61 -25 -127 1 1111
BEAT -43 88 22 -101 -122 106 126 127 1111
BEAT -56 109 103 -82 -126 124 -7 -17 1111
BEAT -71 -36 -59 73 115 104 81 98 1111
BEAT 83 37 102 -116 -88 -125 -3 14 1111
BEAT -37 0 0 0 -22 0 0 0 0001
END

CASE 94 19 3 3 -9644
BEAT -100 50 -110 -54 25 37 60 66 1111
BEAT -112 24 41 -84 -94 90 -95 21 1111
BEAT -103 -73 85 -37 113 -60 -66 12 1111
BEAT -46 17 -38 105 40 83 -21 -21 1111
BEAT 56 -110 -81 0 -99 -73 -84 0 0111
END

CASE 95 37 0 2 -52828
BEAT 90 34 4 53 -114 -39 -29 41 1111
BEAT -62 126 126 124 45 117 114 -110 1111
BEAT -36 -9 20 -29 -59 118 -49 107 1111
BEAT -128 -68 -116 110 43 108 83 -100 1111
BEAT -68 -22 84 83 25 33 -119 -22 1111
BEAT -105 42 51 -20 41 53 -95 -52 1111
BEAT -123 -25 16 2 15 -113 45 64 1111
BEAT -94 29 25 37 -44 71 -33 -69 1111
BEAT -125 -70 42 46 29 33 -112 11 1111
BEAT 74 0 0 0 83 0 0 0 0001
END

CASE 96 31 1 1 32522
BEAT 62 103 26 -18 -84 42 111 -105 1111
BEAT 26 -39 -71 63 -76 31 -117 31 1111
BEAT -109 -25 -81 99 -21 36 -26 -30 1111
BEAT -116 119 -50 -31 18 13 35 97 1111
BEAT 46 119 30 39 -68 11 -52 -48 1111
BEAT -55 -78 -61 -23 12 -70 -121 -76 1111
BEAT -110 107 70 -69 -23 51 35 10 1111
BEAT -126 31 -106 0 -56 17 -3 0 0111
END

CASE 97 40 1 2 -145
BEAT 45 99 -103 -62 -113 -95 115 -71 1111
BEAT -114 113 -103 -74 51 117 108 -41 1111
BEAT 68 -101 -84 90 16 50 -63 -76 1111
BEAT 72 -37 100 54 79 -74 38 -92 1111
BEAT 31 42 -27 -88 26 108 77 83 1111
BEAT 110 -61 -81 111 -6 -4 -47 118 1111
BEAT -79 105 30 110 68 -95 46 -22 1111
BEAT 112 -10 -14 -55 92 94 47 -8 1111
BEAT 4 58 72 -35 -40 -89 121 -70 1111
BEAT 41 38 104 121 109 38 -79 99 1111
END

CASE 98 52 3 3 -9625
BEAT -93 -73 66 39 -50 19 -64 -60 1111
BEAT 125 -97 -82 -17 -123 -92 -120 -55 1111
BEAT -57 -128 -53 -52 121 95 -59 -85 1111
BEAT 103 21 71 100 -58 84 105 89 1111
BEAT -28 -23 34 25 -36 104 89 102 1111
BEAT 27 94 48 -83 68 53 -13 -33 1111
BEAT -124 78 -63 22 89 -125 127 -7 1111
BEAT -97 61 -101 -128 9 82 59 -111 1111
BEAT 55 -72 16 -113 -109 119 60 -71 1111
BEAT -8 93 73 34 118 -88 -56 15 1111
BEAT 67 79 67 94 110 -88 -83 -3 1111
BEAT -20 -40 115 -57 113 -89 31 -101 1111
BEAT -32 68 56 85 47 -123 112 104 1111
END

CASE 99 43 1 2 -40045
BEAT 87 52 22 20 68 -7 97 -43 1111
BEAT -43 -110 27 5 -21 48 -101 7 1111
BEAT -97 114 -42 -102 -69 -102 -43 109 1111
BEAT 21 -115 18 120 76 115 26 115 1111
BEAT -86 -64 -89 14 -9 66 71 114 1111
BEAT 1 -61 15 12 6 -54 94 -122 1111
BEAT 3 -121 -71 -39 19 101 67 33 1111
BEAT -51 100 61 -39 -107 -79 53 93 1111
BEAT 5 -8 120 -36 11 43 10 8 1111
BEAT -112 47 -85 -54 -78 2 72 108 1111
BEAT -50 125 83 0 -5 -29 44 0 0111
END

CASE 100 2 0 3 7420
BEAT -124 -94 0 0 -122 82 0 0 0011
END

CASE 101 14 1 1 -30862
BEAT 100 51 -16 17 -62 64 -34 -72 1111
BEAT 0 -30 -111 -116 -34 1 22 111 1111
BEAT -81 -99 -17 -66 -90 104 13 90 1111
BEAT -67 -84 0 0 37 3 0 0 0011
END

CASE 102 36 1 1 2018
BEAT -97 67 70 42 40 72 -127 123 1111
BEAT -98 4 7 -37 116 95 78 -93 1111
BEAT 97 -93 123 -26 -13 -127 68 118 1111
BEAT 73 -37 123 -73 -66 55 42 27 1111
BEAT -55 92 -17 -74 77 -100 -82 59 1111
BEAT 98 4 -76 -111 46 -87 107 20 1111
BEAT -91 -92 0 100 -25 -38 -108 68 1111
BEAT -119 126 -52 -128 -31 25 71 -74 1111
BEAT -109 71 8 -51 55 121 -85 96 1111
END

CASE 103 5 0 2 2678
BEAT -30 -116 -6 122 -96 29 127 102 1111
BEAT 71 0 0 0 -120 0 0 0 0001
END

CASE 104 8 1 1 14856
BEAT 44 -107 79 -68 -92 -110 -56 122 1111
BEAT -20 106 -52 -9 -119 113 -105 -4 1111
END

CASE 105 23 3 3 14679
BEAT -103 29 -79 105 -96 -67 12 -56 1111
BEAT -41 -96 -74 -70 84 -42 61 -44 1111
BEAT 126 -16 -96 -25 96 -4 -108 -60 1111
BEAT 90 44 77 38 -77 64 -48 -120 1111
BEAT -67 -58 36 -19 121 -87 -125 -125 1111
BEAT -105 -40 43 0 -37 -83 17 0 0111
END

CASE 106 61 3 3 33414
BEAT -64 -23 -55 10 -78 -7 83 -26 1111
BEAT 102 82 -6 -39 64 -16 -91 113 1111
BEAT -109 -36 127 -83 120 -101 95 -54 1111
BEAT 26 50 86 -126 -18 104 -37 70 1111
BEAT -8 -30 -68 -80 63 -59 106 -29 1111
BEAT 57 -16 109 -22 55 10 -25 43 1111
BEAT 13 -101 -29 -71 -63 -112 -98 15 1111
BEAT -52 114 126 -38 -59 -72 110 106 1111
BEAT -47 -106 -101 58 86 -41 47 -16 1111
BEAT 17 -21 94 0 23 -48 -41 -11 1111
BEAT 43 104 -106 -75 -84 82 122 -18 1111
BEAT -102 -38 -48 -114 114 108 14 -121 1111
BEAT 120 -69 -92 -8 91 -2 -2 39 1111
BEAT 99 38 86 -27 94 -15 -52 -126 1111
BEAT 38 -11 -72 38 85 -106 -108 112 1111
BEAT -12 0 0 0 -111 0 0 0 0001
END

CASE 107 51 0 1 31403
BEAT 117 -78 103 125 -58 43 -6 -70 1111
BEAT -5 -86 -122 80 116 -21 -13 36 1111
BEAT -17 -61 55 23 52 8 88 13 1111
BEAT -6 -82 -120 117 -101 -96 62 48 1111
BEAT 28 -46 107 -116 103 120 -66 112 1111
BEAT 104 109 -58 79 21 103 60 -95 1111
BEAT -34 61 109 -128 -32 106 -84 -87 1111
BEAT -92 69 42 -112 72 -37 19 -89 1111
BEAT 23 90 10 -22 -73 -44 13 -71 1111
BEAT -87 43 -100 58 -53 126 -51 -24 1111
BEAT -102 -72 68 59 -117 22 85 -61 1111
BEAT 110 -108 59 59 114 49 87 99 1111
BEAT -39 -94 -24 0 -118 21 -32 0 0111
END

CASE 108 30 3 2 22338
BEAT 43 82 47 39 -107 34 -64 97 1111
BEAT 120 99 106 27 5 61 -34 -23 1111
BEAT -61 28 -41 5 -111 34 48 -53 1111
BEAT -12 119 62 19 62 101 -45 26 1111
BEAT -104 -53 52 17 -66 -116 79 127 1111
BEAT 105 -43 -46 18 -54 106 35 -49 1111
BEAT -35 -39 -50 -46 -126 41 23 114 1111
BEAT -7 -69 0 0 20 -53 0 0 0011
END

CASE 109 15 2 2 53101
BEAT 117 -108 -57 -69 14 -28 -117 -86 1111
BEAT 29 -116 77 -16 100 -84 73 -29 1111
BEAT 100 54 -81 39 123 34 -100 56 1111
BEAT -100 -29 -15 0 75 -53 90 0 0111
END

CASE 110 48 2 1 -28751
BEAT -122 17 48 51 113 -65 19 85 1111
BEAT 29 100 -84 -18 -37 123 -3 -114 1111
BEAT 99 84 98 19 -67 13 124 -94 1111
BEAT -45 89 84 -57 57 118 95 4 1111
BEAT -84 -55 -22 27 115 -67 63 -120 1111
BEAT 115 43 -95 64 4 -45 -99 -54 1111
BEAT -83 -125 81 11 35 108 -59 54 1111
BEAT 84 -39 108 -58 -45 -101 11 56 1111
BEAT -26 -33 67 20 86 54 -104 20 1111
BEAT 123 -107 26 27 21 -89 -29 -35 1111
BEAT 124 109 -14 -115 -80 -43 37 33 1111
BEAT -127 -50 6 25 26 10 57 -79 1111
END

CASE 111 2 3 2 -1676
BEAT -58 16 0 0 62 120 0 0 0011
END

CASE 112 21 0 2 -16229
BEAT -76 -17 -49 -15 -114 -68 -15 -63 1111
BEAT -32 -70 85 107 -56 -12 29 -64 1111
BEAT -89 -69 -61 -120 -21 -62 -88 89 1111
BEAT 117 50 31 57 -71 -89 -119 119 1111
BEAT -57 98 47 -40 92 -107 -28 -73 1111
BEAT 27 0 0 0 -112 0 0 0 0001
END

CASE 113 16 3 3 21825
BEAT 1 -106 -95 26 52 -46 -5 -94 1111
BEAT -123 -79 -65 -23 -78 -121 -17 -30 1111
BEAT -26 -34 51 -114 16 -41 -126 -78 1111
BEAT -82 -54 14 50 -19 115 59 -34 1111
END

CASE 114 14 2 2 -27671
BEAT -36 53 66 89 56 19 -108 -86 1111
BEAT -19 -12 80 -71 39 124 -69 69 1111
BEAT 32 -65 110 -72 17 105 31 99 1111
BEAT -59 125 0 0 -13 80 0 0 0011
END

CASE 115 25 3 3 -36728
BEAT -93 115 60 -37 127 14 11 76 1111
BEAT -122 123 -75 74 54 115 79 120 1111
BEAT 96 -85 -67 -55 14 -53 104 -73 1111
BEAT 74 77 -76 -42 -66 0 122 126 1111
BEAT -95 58 -27 45 -10 -60 -113 -78 1111
BEAT -26 78 -66 -9 -101 -94 127 -115 1111
BEAT 89 0 0 0 -37 0 0 0 0001
END

CASE 116 42 3 2 -12835
BEAT -50 27 -79 -89 65 52 17 36 1111
BEAT 124 110 -25 22 -97 -114 -105 -63 1111
BEAT 126 123 5 47 59 50 -115 46 1111
BEAT -119 -112 92 -68 66 -79 91 48 1111
BEAT 68 102 33 64 54 82 51 -100 1111
BEAT 98 107 -110 -112 -3 -2 -8 31 1111
BEAT -38 27 -44 123 -85 -95 28 -70 1111
BEAT 92 -60 31 71 44 -42 -118 38 1111
BEAT 121 -72 123 112 -109 107 88 87 1111
BEAT 115 -48 -100 72 8 -118 112 -117 1111
BEAT 6 125 0 0 34 65 0 0 0011
END

CASE 117 13 3 1 -26424
BEAT 122 -77 -23 44 -19 19 7 -104 1111
BEAT 126 45 -43 25 24 77 -13 -81 1111
BEAT 58 95 -25 126 -80 44 11 -94 1111
BEAT -90 0 0 0 115 0 0 0 0001
END

CASE 118 45 3 2 -72898
BEAT -89 26 25 93 109 120 95 88 1111
BEAT 32 -26 84 77 -110 -25 -47 11 1111
BEAT 0 104 -36 -119 -59 -114 4 14 1111
BEAT -33 127 -19 111 -38 -107 120 -118 1111
BEAT 9 94 -98 -26 -100 -86 32 24 1111
BEAT 58 108 -53 -5 -96 80 58 -82 1111
BEAT -51 25 94 82 75 -57 -8 -71 1111
BEAT 35 -96 -24 83 -67 0 126 -82 1111
BEAT 8 18 -46 3 -7 -66 32 40 1111
BEAT -8 79 -6 -70 71 -8 88 -17 1111
BEAT -52 -30 -114 -3 -55 -74 -39 -19 1111
BEAT 30 0 0 0 12 0 0 0 0001
END

CASE 119 33 1 1 47250
BEAT -100 123 63 -71 -21 -46 96 34 1111
BEAT 34 88 115 -2 80 -111 12 -87 1111
BEAT 14 -54 57 115 123 113 83 42 1111
BEAT 60 29 -118 -111 88 -77 -46 5 1111
BEAT -101 -6 1 68 -95 52 87 39 1111
BEAT 30 57 -66 -7 104 -114 -102 -34 1111
BEAT 98 70 -124 73 99 -59 -127 77 1111
BEAT 2 26 -82 -8 -26 28 32 -86 1111
BEAT 24 0 0 0 -72 0 0 0 0001
END

CASE 120 17 0 3 -41615
BEAT 82 35 103 116 -118 -117 -11 -83 1111
BEAT -60 5 -40 39 108 -27 6 -42 1111
BEAT 16 -27 -85 84 -103 77 91 5 1111
BEAT 60 -35 73 65 -52 -83 60 -41 1111
BEAT -14 0 0 0 -68 0 0 0 0001
END
