# seed=20260827 num_cases=24
# format: CASE id M N K a_gap b_gap c_hold
#         A
#         <M*K signed INT8 values, one per line>
#         B
#         <K*N signed INT8 values, one per line>
#         EXPECT
#         <M*N signed INT32 values, one per line>
#         END

CASE 1 2 2 3 0 0 2
A
1
2
3
4
5
6
B
7
8
9
10
11
12
EXPECT
58
64
139
154
END

CASE 2 1 1 1 0 0 2
A
88
B
91
EXPECT
8008
END

CASE 3 2 3 4 0 0 2
A
-8
-7
-6
-5
-4
-3
-2
-1
B
-128
-123
-118
-113
-108
-103
-98
-93
-88
-83
-78
-73
EXPECT
2818
2688
2558
1130
1080
1030
END

CASE 4 4 4 16 0 0 3
A
-128
-125
-122
-119
-116
-113
-110
-107
-104
-101
-98
-95
-92
-89
-86
-83
-80
-77
-74
-71
-68
-65
-62
-59
-56
-53
-50
-47
-44
-41
-38
-35
-32
-29
-26
-23
-20
-17
-14
-11
-8
-5
-2
1
4
7
10
13
16
19
22
25
28
31
34
37
40
43
46
49
52
55
58
61
B
-128
-121
-114
-107
-100
-93
-86
-79
-72
-65
-58
-51
-44
-37
-30
-23
-16
-9
-2
5
12
19
26
33
40
47
54
61
68
75
82
89
96
103
110
117
124
-124
-117
-110
-103
-96
-89
-82
-75
-68
-61
-54
-47
-40
-33
-26
-19
-12
-5
2
9
16
23
30
37
44
51
58
EXPECT
28609
42548
30732
18916
18145
25220
18780
12340
7681
7892
6828
5764
-2783
-9436
-5124
-812
END

CASE 5 2 2 14 1 2 0
A
-128
66
-107
79
4
-34
-3
-40
-112
-15
-99
-105
108
-32
88
86
-106
26
94
15
-44
-124
41
-35
95
-63
49
-79
B
108
69
-10
-101
120
90
-29
118
72
103
84
-54
-7
-127
49
-8
4
108
30
-31
111
-15
123
-80
98
123
109
-27
EXPECT
-51828
-455
-4469
23654
END

CASE 6 4 4 9 0 1 1
A
-109
-106
-110
16
-34
-52
-21
65
-92
-52
9
93
-9
106
84
32
-74
-117
46
-79
-106
98
126
-9
-72
115
-91
107
-83
34
59
2
-13
-58
126
86
B
-22
-11
5
-16
30
-71
121
-15
-79
34
-118
111
-32
-105
30
86
108
-90
-124
-47
-121
-27
-88
52
-38
-122
-111
46
-11
106
-107
18
-45
22
24
-35
EXPECT
14239
15197
2049
-5182
502
-22090
-29393
13867
22119
-916
-15210
-7336
-10681
22172
-15834
4201
END

CASE 7 3 2 5 2 0 3
A
116
125
-81
17
101
102
-86
-83
68
-74
53
-114
-29
-118
54
B
9
-39
-43
-79
-60
21
121
115
-48
30
EXPECT
-2262
-11115
21376
6673
-9751
-5620
END

CASE 8 1 4 12 0 0 2
A
-79
-36
-14
-58
-73
-92
2
-25
-23
-121
19
-75
B
-5
-7
97
-57
-15
25
-108
31
91
5
37
-108
30
-123
125
-48
61
92
-47
-56
-26
-108
26
-128
40
26
-22
26
-51
-119
-103
-15
-39
56
46
-72
-128
-71
64
114
75
-33
-2
114
-71
-10
112
87
EXPECT
20350
20390
-25213
7477
END

CASE 9 1 4 8 1 2 0
A
-52
87
-111
53
-38
95
-23
8
B
121
97
-45
-32
36
-16
89
-98
85
117
69
26
-19
85
-110
89
58
88
-96
-52
118
127
1
-83
101
1
-75
32
14
-124
83
-59
EXPECT
-6807
-7212
2726
-12148
END

CASE 10 1 3 10 1 1 1
A
-110
32
73
113
14
-3
98
-54
47
-30
B
-69
-8
-121
-74
-78
36
70
46
35
79
-120
-57
95
35
4
20
30
-128
-92
68
78
125
58
63
-97
-57
-5
-67
37
69
EXPECT
2214
-11675
12953
END

CASE 11 1 2 12 2 0 3
A
96
101
98
58
49
-115
78
56
81
-84
-95
98
B
17
-119
72
41
-3
-116
-112
-63
-42
108
-41
26
-100
-109
-16
50
-48
-83
-110
127
-27
30
-65
21
EXPECT
-2378
-43888
END

CASE 12 2 2 9 1 0 1
A
59
-106
72
-70
95
-103
76
-110
-124
117
-110
-36
-6
-120
-61
-128
73
89
B
-110
-44
-127
-102
39
36
-44
-25
44
86
62
78
90
47
69
-54
9
42
EXPECT
8788
16998
-14784
-16372
END

CASE 13 2 2 2 0 1 3
A
90
52
-7
-125
B
36
-67
98
-88
EXPECT
8336
-10606
-12502
11469
END

CASE 14 3 2 5 1 2 0
A
7
101
-41
-98
-71
-31
94
-47
13
55
-87
-68
32
14
-71
B
-48
-95
-42
113
-60
0
-76
-47
23
118
EXPECT
3697
6976
637
19446
2415
-8455
END

CASE 15 2 3 10 1 2 1
A
38
-99
-73
-85
-93
-62
-65
114
94
87
-73
92
9
3
-39
-50
-10
-98
38
87
B
68
-103
47
-28
11
-70
54
-122
92
-90
87
60
8
96
-120
-33
24
24
-107
48
-86
-116
32
104
62
-124
116
15
-115
-45
EXPECT
11230
-35041
31007
10113
-15583
-14222
END

CASE 16 2 3 12 0 0 1
A
-8
-84
-122
26
36
66
-29
9
6
121
67
64
-96
103
-76
-121
-20
-116
-110
-94
94
-53
-39
7
B
-128
51
-76
17
-116
-111
19
96
95
21
-84
108
63
-62
87
52
71
-4
-25
70
-29
95
-14
-61
39
94
-53
-34
-95
-121
74
40
-92
9
85
59
EXPECT
6758
-7073
-13037
-773
-14450
-11345
END

CASE 17 4 1 10 0 2 3
A
-53
64
-16
-59
-123
-107
-11
98
115
-107
28
-25
-55
24
-113
-20
-121
-91
-109
103
123
-110
-14
63
-114
-79
12
57
28
12
57
57
-34
-89
52
17
-105
113
-81
32
B
-62
-19
-115
-48
-114
57
-8
64
69
53
EXPECT
23289
8736
7663
2785
END

CASE 18 2 2 10 1 0 1
A
-23
-31
-47
-103
65
116
-119
-19
88
-101
78
6
60
-103
38
-108
94
-102
92
18
B
84
0
117
88
-68
50
75
-107
71
59
-80
-122
102
91
-52
117
105
111
64
40
EXPECT
-23127
-11698
32491
37519
END

CASE 19 2 4 4 1 0 0
A
-126
110
92
-9
-80
32
-68
-39
B
24
-90
-13
97
-82
-18
-46
97
-55
-32
-47
54
111
114
-34
93
EXPECT
-18103
5390
-7440
2579
-5133
4354
4090
-11955
END

CASE 20 2 4 15 0 1 0
A
108
125
-19
-39
88
107
-14
112
39
54
35
-117
-48
0
-65
94
126
-3
-60
82
92
-8
-96
-94
-81
71
-68
24
-115
100
B
87
-115
-100
15
-39
-25
-94
95
87
-65
-57
13
-39
-116
-18
-92
10
-39
-99
34
-69
103
14
18
5
22
-68
19
30
18
-32
-10
-26
118
111
0
49
-82
127
-83
-25
38
56
124
-12
30
-70
121
23
-29
27
31
38
127
-71
54
-82
-125
-27
-1
EXPECT
7563
7022
-8815
4646
-17607
-34024
-29079
25846
END

CASE 21 3 1 7 2 2 1
A
69
-39
52
78
87
-73
72
-47
46
24
75
-69
52
37
-17
-36
63
-111
-102
98
87
B
-103
108
16
107
-120
51
-12
EXPECT
-17168
28706
3188
END

CASE 22 4 3 16 1 2 0
A
-34
32
-111
-78
-66
75
49
62
-85
114
-86
-25
127
-18
6
-50
-9
-8
4
-29
34
87
38
-122
-1
-76
-126
-10
-81
71
120
119
-96
-36
-49
-30
-32
-34
-39
113
-52
39
120
-15
125
-104
-40
57
114
-5
33
-114
123
17
-84
29
-87
56
-61
-82
59
43
-109
-43
B
-12
-53
-120
96
67
123
-87
32
-77
110
104
-13
-59
-80
113
-46
-91
-11
69
-49
52
-70
-94
120
100
14
89
-45
-40
45
18
119
-127
108
-41
-19
-112
120
99
52
-41
-31
4
19
103
25
-40
-44
EXPECT
-30222
-14359
44193
17147
-30647
-27
-33048
23762
10688
-60181
-29563
-3275
END

CASE 23 4 3 14 2 1 1
A
71
30
-125
-32
-30
-118
122
67
-30
-39
-10
110
-63
59
-101
-109
77
-63
-19
-113
-50
-52
-10
-90
-49
5
43
-53
-100
-112
36
-38
-78
69
108
54
-34
74
-112
108
102
-111
-16
-24
90
112
114
-126
-24
102
39
-127
36
6
-76
118
B
-70
-38
113
-13
58
16
-79
-80
50
101
92
-16
-118
116
-62
-8
-88
64
122
-91
-32
-83
-100
-51
-53
113
-115
24
-75
-108
110
-103
31
26
-6
-52
-53
83
113
-16
33
-108
EXPECT
19899
-8177
-22107
-10918
15507
9573
9556
-33121
2702
-17063
26390
-30347
END

CASE 24 4 2 1 0 2 2
A
-27
57
-33
-12
B
70
102
EXPECT
-1890
-2754
3990
5814
-2310
-3366
-840
-1224
END
