# seed=20260829 num_cases=12
# source=mini_gpt blocks.0.attention.qkv_proj Q slice
# format: CASE id M N K a_gap c_hold
#         A
#         <M*K signed INT8 values, one per line>
#         WEIGHT
#         <K*N signed INT8 values, one per line>
#         MULT
#         <N unsigned 18-bit multipliers, one per line>
#         EXPECT
#         <M*N signed INT8 values, one per line>
#         END

CASE 1 4 4 16 0 2
A
27
-6
-17
68
-46
29
24
-91
-30
39
-127
-62
-48
-19
-58
4
-33
49
38
7
-29
-7
79
-88
18
-10
26
70
-18
-42
56
9
-30
57
13
-24
-61
25
29
37
-13
6
17
21
-6
76
-53
-12
-8
12
28
18
-23
-70
-36
-4
41
29
22
10
-36
56
60
-57
WEIGHT
127
77
81
56
-106
10
-10
116
-123
88
127
-67
-93
69
58
69
-32
-5
-12
25
-101
63
-20
62
-35
19
-99
-127
43
112
85
-3
51
57
-50
26
106
-14
84
35
-100
-127
-127
-100
-25
69
-68
-13
-19
85
-10
-12
-118
-3
119
4
12
74
17
117
-117
12
-33
-98
MULT
66429
70959
79743
94897
EXPECT
49
-5
77
67
-76
-6
-127
-39
-77
-9
19
-46
22
-8
74
73
END

CASE 2 4 4 16 0 2
A
27
-6
-17
68
-46
29
24
-91
-30
39
-127
-62
-48
-19
-58
4
-33
49
38
7
-29
-7
79
-88
18
-10
26
70
-18
-42
56
9
-30
57
13
-24
-61
25
29
37
-13
6
17
21
-6
76
-53
-12
-8
12
28
18
-23
-70
-36
-4
41
29
22
10
-36
56
60
-57
WEIGHT
-91
123
86
104
56
-4
-44
83
38
35
75
-97
-36
-34
-127
-18
-46
-58
87
36
-45
23
58
-83
127
84
30
124
-27
72
-92
78
-60
-41
-72
106
51
63
-16
-62
-65
115
29
112
-88
5
61
30
107
-57
104
103
44
-104
18
25
-24
127
-26
32
97
-108
-88
-127
MULT
61213
52730
70048
61147
EXPECT
50
-47
-45
-127
27
38
15
17
46
-11
-7
18
-37
27
-40
35
END

CASE 3 4 4 16 0 2
A
27
-6
-17
68
-46
29
24
-91
-30
39
-127
-62
-48
-19
-58
4
-33
49
38
7
-29
-7
79
-88
18
-10
26
70
-18
-42
56
9
-30
57
13
-24
-61
25
29
37
-13
6
17
21
-6
76
-53
-12
-8
12
28
18
-23
-70
-36
-4
41
29
22
10
-36
56
60
-57
WEIGHT
-127
-103
-127
-52
-27
-5
-41
63
42
-14
-62
45
-109
51
-47
38
-31
-79
65
38
-52
34
-84
31
5
105
-82
102
72
37
-46
-62
-16
56
-10
-21
-30
-76
-57
-27
-25
122
-42
-127
17
-29
8
-99
72
127
-98
36
73
-53
6
8
-65
49
50
93
-14
22
73
14
MULT
115314
99166
97070
93563
EXPECT
-121
-127
-21
122
-59
94
3
72
120
24
-67
-27
2
-39
30
-27
END

CASE 4 4 4 16 0 2
A
27
-6
-17
68
-46
29
24
-91
-30
39
-127
-62
-48
-19
-58
4
-33
49
38
7
-29
-7
79
-88
18
-10
26
70
-18
-42
56
9
-30
57
13
-24
-61
25
29
37
-13
6
17
21
-6
76
-53
-12
-8
12
28
18
-23
-70
-36
-4
41
29
22
10
-36
56
60
-57
WEIGHT
124
-58
-33
-114
27
13
-57
127
20
1
-127
46
127
-127
27
40
-117
-115
71
-23
-47
-47
10
125
-34
-19
92
-45
-104
-46
49
119
55
-48
2
105
85
-112
-1
-123
113
-92
31
-78
95
90
41
110
-68
-56
70
114
-11
-37
101
34
61
26
91
-60
-12
35
-25
50
MULT
88016
68814
88998
67181
EXPECT
29
10
-101
-66
125
67
-13
1
-19
21
0
85
127
-7
10
-45
END

CASE 5 4 4 16 0 2
A
27
-6
-17
68
-46
29
24
-91
-30
39
-127
-62
-48
-19
-58
4
-33
49
38
7
-29
-7
79
-88
18
-10
26
70
-18
-42
56
9
-30
57
13
-24
-61
25
29
37
-13
6
17
21
-6
76
-53
-12
-8
12
28
18
-23
-70
-36
-4
41
29
22
10
-36
56
60
-57
WEIGHT
127
77
81
56
-106
10
-10
116
-123
88
127
-67
-93
69
58
69
-32
-5
-12
25
-101
63
-20
62
-35
19
-99
-127
43
112
85
-3
51
57
-50
26
106
-14
84
35
-100
-127
-127
-100
-25
69
-68
-13
-19
85
-10
-12
-118
-3
119
4
12
74
17
117
-117
12
-33
-98
MULT
66429
70959
79743
94897
EXPECT
49
-5
77
67
-76
-6
-127
-39
-77
-9
19
-46
22
-8
74
73
END

CASE 6 4 4 16 0 2
A
-7
-42
42
53
-18
-15
-22
13
-53
-27
-19
35
-38
12
-41
10
28
1
-50
-23
-32
-34
-24
-42
-65
16
-25
61
14
-42
6
22
-19
37
-72
21
0
-17
-51
-51
44
22
-56
10
-35
32
38
26
-47
-35
-14
-26
23
19
-49
-62
-18
-13
-26
-25
-3
127
45
3
WEIGHT
127
77
81
56
-106
10
-10
116
-123
88
127
-67
-93
69
58
69
-32
-5
-12
25
-101
63
-20
62
-35
19
-99
-127
43
112
85
-3
51
57
-50
26
106
-14
84
35
-100
-127
-127
-100
-25
69
-68
-13
-19
85
-10
-12
-118
-3
119
4
12
74
17
117
-117
12
-33
-98
MULT
59969
64058
71988
85669
EXPECT
-36
10
57
-47
60
-21
-33
13
22
-14
5
127
-56
-39
55
42
END

CASE 7 4 4 16 0 2
A
28
26
62
-20
27
-2
-3
-10
-23
61
-71
-39
16
-39
47
-15
-1
10
14
13
-15
27
-113
46
-18
23
77
-17
11
1
-61
-43
-5
-9
1
9
-53
59
-28
4
21
-31
-15
-127
-59
31
-37
57
23
32
41
-100
60
66
-3
37
32
-4
-19
-66
12
18
-70
-47
WEIGHT
127
77
81
56
-106
10
-10
116
-123
88
127
-67
-93
69
58
69
-32
-5
-12
25
-101
63
-20
62
-35
19
-99
-127
43
112
85
-3
51
57
-50
26
106
-14
84
35
-100
-127
-127
-100
-25
69
-68
-13
-19
85
-10
-12
-118
-3
119
4
12
74
17
117
-117
12
-33
-98
MULT
79638
85068
95598
113766
EXPECT
67
71
127
107
-11
-48
67
43
-52
-42
66
-9
19
9
55
7
END

CASE 8 4 4 16 0 2
A
26
-8
4
68
-82
35
-57
-62
14
-65
81
-9
35
-26
-30
-21
37
48
16
27
-119
-54
-18
-56
-110
-71
-22
-127
62
-70
4
39
16
-20
106
61
-17
-4
-28
-64
-38
-23
70
53
37
-64
-107
4
-71
5
117
37
-37
14
92
-112
-25
-25
-121
-5
-83
45
64
-61
WEIGHT
127
77
81
56
-106
10
-10
116
-123
88
127
-67
-93
69
58
69
-32
-5
-12
25
-101
63
-20
62
-35
19
-99
-127
43
112
85
-3
51
57
-50
26
106
-14
84
35
-100
-127
-127
-100
-25
69
-68
-13
-19
85
-10
-12
-118
-3
119
4
12
74
17
117
-117
12
-33
-98
MULT
61113
65280
73361
87303
EXPECT
-50
-27
-52
3
-9
-30
28
-7
-84
-19
-28
-127
-84
33
74
27
END

CASE 9 2 2 8 0 2
A
38
-9
-24
95
-65
41
34
-127
-47
68
53
10
-41
-10
110
-123
WEIGHT
127
88
-106
11
-123
100
-93
78
-32
-6
-101
72
-35
22
43
127
MULT
77686
73127
EXPECT
-41
-16
-127
-48
END

CASE 10 3 3 12 0 2
A
-102
42
48
62
-22
10
29
34
-9
127
-89
-19
-38
-117
-60
-7
68
48
37
17
-60
93
100
-95
-34
-28
-40
24
-99
-50
-36
66
-71
23
-77
19
WEIGHT
-46
-58
106
-45
23
71
127
84
36
-27
72
-113
-60
-41
-88
51
63
-20
-65
115
35
-88
5
74
107
-57
127
44
-104
22
-24
127
-32
97
-108
-108
MULT
106891
92078
99923
EXPECT
58
-8
-8
-127
84
-99
-37
-73
-27
END

CASE 11 4 2 16 0 2
A
27
-6
-17
68
-46
29
24
-91
-30
39
-127
-62
-48
-19
-58
4
-33
49
38
7
-29
-7
79
-88
18
-10
26
70
-18
-42
56
9
-30
57
13
-24
-61
25
29
37
-13
6
17
21
-6
76
-53
-12
-8
12
28
18
-23
-70
-36
-4
41
29
22
10
-36
56
60
-57
WEIGHT
-127
-103
-27
-5
42
-14
-109
51
-31
-79
-52
34
5
105
72
37
-16
56
-30
-76
-25
122
17
-29
72
127
73
-53
-65
49
-14
22
MULT
115314
99166
EXPECT
-121
-127
-59
94
120
24
2
-39
END

CASE 12 2 4 16 0 3
A
-48
21
61
-48
-35
-48
123
-79
93
127
16
107
-16
67
-75
45
-47
22
47
-62
-88
89
72
26
-105
-92
-51
39
20
102
-77
18
WEIGHT
-35
-64
45
30
-71
-84
-108
35
-67
-7
2
33
-47
-67
74
79
-58
-19
-51
-3
-19
-14
-55
72
-51
-127
-17
100
-3
21
74
-62
7
17
-12
-66
-38
24
47
-59
-22
-1
-15
-69
14
-7
76
-86
-51
-5
22
57
-126
-40
127
-118
127
-5
95
-127
-78
86
-62
-40
MULT
74968
108503
124006
88935
EXPECT
-127
-41
-3
-72
-94
-62
-23
101
END
