# seed=20260828 num_cases=24
# format: CASE id M N K a_gap c_hold
#         A
#         <M*K signed INT8 values, one per line>
#         WEIGHT
#         <K*N signed INT8 values, one per line>
#         MULT
#         <N unsigned 18-bit multipliers, one per line>
#         EXPECT
#         <M*N signed INT8 values, one per line>
#         END

CASE 1 2 2 3 0 2
A
1
2
3
4
5
6
WEIGHT
7
8
9
10
11
12
MULT
26979
88887
EXPECT
0
0
0
1
END

CASE 2 1 1 1 0 2
A
88
WEIGHT
91
MULT
45891
EXPECT
22
END

CASE 3 2 3 4 0 2
A
-8
-7
-6
-5
-4
-3
-2
-1
WEIGHT
-128
-123
-118
-113
-108
-103
-98
-93
-88
-83
-78
-73
MULT
205831
45891
26979
EXPECT
35
7
4
14
3
2
END

CASE 4 4 4 16 0 3
A
-128
-125
-122
-119
-116
-113
-110
-107
-104
-101
-98
-95
-92
-89
-86
-83
-80
-77
-74
-71
-68
-65
-62
-59
-56
-53
-50
-47
-44
-41
-38
-35
-32
-29
-26
-23
-20
-17
-14
-11
-8
-5
-2
1
4
7
10
13
16
19
22
25
28
31
34
37
40
43
46
49
52
55
58
61
WEIGHT
-128
-121
-114
-107
-100
-93
-86
-79
-72
-65
-58
-51
-44
-37
-30
-23
-16
-9
-2
5
12
19
26
33
40
47
54
61
68
75
82
89
96
103
110
117
124
-124
-117
-110
-103
-96
-89
-82
-75
-68
-61
-54
-47
-40
-33
-26
-19
-12
-5
2
9
16
23
30
37
44
51
58
MULT
88887
205831
45891
26979
EXPECT
127
127
84
30
96
127
51
20
41
97
19
9
-15
-116
-14
-1
END

CASE 5 3 3 7 0 1
A
12
106
-15
-114
124
11
69
62
-68
-84
-17
-73
92
63
-3
0
22
-44
-78
-118
118
WEIGHT
32
31
-113
-83
-39
-109
-117
-104
-69
-5
99
58
37
-58
30
106
109
-98
-73
124
-11
MULT
165792
100013
79731
EXPECT
-53
-65
-79
127
127
-32
-127
-3
20
END

CASE 6 2 3 9 2 1
A
-100
26
-112
-6
87
-62
-94
113
22
-15
106
-46
-116
-59
106
-23
-45
-90
WEIGHT
36
-29
-39
86
13
-49
-114
114
89
-21
-112
7
110
57
-109
-23
117
-64
-10
-41
109
-95
-100
48
88
-59
7
MULT
249211
87918
159368
EXPECT
127
-104
-127
58
127
-127
END

CASE 7 1 2 10 1 2
A
-78
57
-20
-96
84
37
59
-126
-125
-124
WEIGHT
59
127
27
-55
103
120
-51
8
82
-30
13
62
-84
42
-73
60
-76
9
40
-53
MULT
176673
196234
EXPECT
127
-127
END

CASE 8 1 4 11 0 1
A
-7
42
-114
107
-8
46
112
33
102
61
-23
WEIGHT
30
-93
-114
-96
-74
19
44
2
38
119
24
110
-18
-39
82
-123
-72
-126
-103
47
98
43
-122
105
2
-124
3
115
-33
-20
69
-34
-57
-64
-54
64
123
-63
8
6
49
-69
55
105
MULT
37807
108955
8419
26835
EXPECT
-11
-127
0
-7
END

CASE 9 3 2 4 1 0
A
30
100
-114
-72
-72
70
-29
-5
-114
-107
96
-113
WEIGHT
-93
-28
-84
92
-127
19
80
-110
MULT
237794
22450
EXPECT
-35
19
58
11
-23
10
END

CASE 10 4 2 1 2 3
A
-92
8
-104
-49
WEIGHT
-46
79
MULT
148360
142871
EXPECT
37
-62
-3
5
42
-70
20
-33
END

CASE 11 4 3 15 2 2
A
-14
83
-105
-56
-46
-121
-28
110
-81
-59
-82
-43
-36
37
106
103
-39
-125
-2
-47
40
24
55
-90
-111
71
-117
81
-22
114
-99
-100
-46
-20
-47
73
-43
114
-37
-73
104
54
-103
-103
-4
55
127
-103
-24
-121
-119
18
-63
11
121
-116
-115
38
-77
55
WEIGHT
98
125
-80
117
-60
-84
-97
-62
29
-19
6
2
55
-112
89
-31
-8
-106
115
-27
-115
-100
32
-117
-77
-116
-77
-8
48
-106
8
23
-48
-55
-94
-72
-16
-63
0
97
-21
-121
56
37
2
MULT
54299
229124
227201
EXPECT
81
127
72
94
127
5
-127
127
119
112
127
-18
END

CASE 12 4 4 1 2 1
A
87
-120
15
-44
WEIGHT
67
99
56
-22
MULT
255710
86183
128531
129007
EXPECT
89
44
37
-15
-123
-61
-51
20
15
8
6
-3
-45
-22
-19
7
END

CASE 13 2 4 8 0 3
A
19
64
68
-115
-128
80
34
-53
31
-86
-38
-1
77
105
-3
-89
WEIGHT
-37
-99
49
-53
-122
31
-110
11
126
63
78
100
-99
-19
46
-64
64
-22
-64
112
92
-37
-78
11
107
-108
-36
-89
20
40
125
42
MULT
199664
258949
162078
100530
EXPECT
127
10
-116
-29
127
-127
-127
0
END

CASE 14 1 2 13 0 2
A
2
-118
89
-122
-15
10
-19
-27
78
-71
9
-120
-9
WEIGHT
-107
92
20
113
-16
28
-22
-95
-56
-70
27
-37
20
-52
-43
64
73
67
46
-102
-119
-75
35
13
85
-21
MULT
101346
194093
EXPECT
-18
127
END

CASE 15 1 4 3 1 3
A
-32
41
-36
WEIGHT
-66
-20
93
39
96
-118
-41
70
-63
-6
-72
-99
MULT
127672
2191
195299
148788
EXPECT
63
-1
-24
46
END

CASE 16 1 3 13 2 1
A
59
-121
-46
58
-12
74
-12
-23
105
95
-77
127
95
WEIGHT
-23
127
19
-48
105
44
-124
-87
-113
-100
-59
-126
52
102
-5
122
-107
64
34
-109
109
105
43
-42
114
-122
-115
-120
-120
-15
-118
-85
-126
42
83
-100
-18
-125
72
MULT
173481
77901
131267
EXPECT
127
-127
-90
END

CASE 17 2 1 2 0 3
A
-14
-13
-53
1
WEIGHT
-127
32
MULT
179294
EXPECT
15
72
END

CASE 18 1 2 15 2 2
A
121
-57
124
-104
-101
115
-120
-10
6
-123
-24
-95
26
-86
-14
WEIGHT
-121
91
15
101
-70
-26
33
62
-29
-29
22
32
-30
51
31
-90
99
92
108
2
88
-8
-48
-89
-69
-10
24
-9
5
14
MULT
3596
252461
EXPECT
-7
94
END

CASE 19 3 3 9 1 1
A
-45
8
71
-2
26
-27
0
55
-67
26
-101
-37
88
122
11
66
-14
55
117
-10
22
-23
1
77
-75
-57
-104
WEIGHT
-114
87
47
82
-45
-33
108
-95
116
-27
-116
123
-10
106
15
-85
-116
42
66
-52
-84
51
100
-106
118
28
-25
MULT
159677
139126
226249
EXPECT
99
-11
10
-92
70
107
-127
-19
127
END

CASE 20 1 1 15 1 3
A
-91
32
-47
113
58
91
-56
-71
100
-7
72
53
88
18
122
WEIGHT
-122
61
-57
48
-86
100
-52
116
43
-112
-7
107
61
58
32
MULT
84090
EXPECT
127
END

CASE 21 2 4 15 1 3
A
-120
58
-55
-51
85
-112
80
1
74
-106
29
77
83
21
-118
-61
85
86
-22
-52
89
73
32
92
41
79
-103
68
34
-15
WEIGHT
28
121
25
-115
82
59
-83
-81
34
-72
57
73
65
31
-119
-119
-69
19
55
77
103
-10
-97
-43
60
-44
-42
91
-86
-7
67
102
-108
-69
37
66
-123
88
8
-64
32
105
118
15
5
50
118
-79
70
127
-56
-7
95
-17
-65
-40
-27
56
27
45
MULT
187805
36729
100588
244740
EXPECT
10
-29
75
127
127
-15
-114
127
END

CASE 22 3 3 3 0 0
A
-105
-124
-43
89
-28
-68
72
-81
93
WEIGHT
123
-13
122
27
31
120
-100
-45
121
MULT
33933
201183
102184
EXPECT
-24
-7
-127
34
12
-4
-5
-92
63
END

CASE 23 4 2 16 1 1
A
18
34
71
18
76
97
97
22
19
46
59
107
64
60
53
-51
-64
79
-122
-84
-29
-17
-34
107
126
-65
7
-103
-74
-123
-117
43
-48
90
-94
-118
25
108
-14
35
8
-68
86
44
113
-81
24
77
-74
-121
24
8
110
-36
42
79
-124
21
28
-44
25
-103
106
71
WEIGHT
22
76
-64
86
-84
58
-10
-104
-67
4
41
-128
-74
-105
-128
-11
54
122
-78
-20
-19
-89
-112
103
-107
-126
35
73
-99
8
-20
82
MULT
218218
257394
EXPECT
-127
-127
127
127
-127
-127
-127
-127
END

CASE 24 4 2 12 2 2
A
-19
-98
23
66
-64
-64
-57
-53
-105
77
-66
80
-102
-12
-125
70
-35
-71
-76
29
-103
-31
50
19
87
-119
-127
-35
45
-47
-99
41
-128
15
-66
39
118
-13
79
91
5
119
-20
59
-120
-32
19
81
WEIGHT
-72
-101
-25
-87
-124
-34
42
73
57
-32
-126
-24
-122
54
-1
-82
64
46
81
113
103
19
50
-108
MULT
189166
206991
EXPECT
127
127
127
95
127
-127
-127
-127
END
