# seed=20260905 num_cases=5

CASE 1 6
X
100
-100
127
-127
64
-64
Y
20
-20
1
-1
64
-64
EXPECT
120
-120
127
-127
127
-127
END

CASE 2 6
X
127
-127
127
-127
50
-50
Y
127
-127
-127
127
80
-80
EXPECT
127
-127
0
0
127
-127
END

CASE 3 6
X
0
1
127
-127
0
0
Y
0
-1
0
0
127
-127
EXPECT
0
0
127
-127
127
-127
END

CASE 4 8
X
23
-58
56
4
102
-101
60
-69
Y
124
-106
21
-47
-6
73
39
-117
EXPECT
127
-127
77
-43
96
-28
99
-127
END

CASE 5 16
X
-51
108
-95
17
-118
-126
105
-72
48
-85
126
37
89
111
21
-103
Y
114
-74
-113
-70
47
103
94
24
21
75
-73
-43
42
76
-117
66
EXPECT
63
34
-127
-53
-71
-23
127
-48
69
-10
53
-6
127
127
-96
-37
END
