# seed=20260901 num_cases=8
# format: CASE id head seq q_gap k_gap s_hold
#         Q / K / EXPECT(INT32 row-major seq*seq) / END

CASE 1 0 2 0 0 1
Q
1
2
3
4
0
0
0
0
0
0
0
0
0
0
0
0
5
6
7
8
0
0
0
0
0
0
0
0
0
0
0
0
K
1
0
0
0
0
0
0
0
0
0
0
0
0
0
0
0
0
1
0
0
0
0
0
0
0
0
0
0
0
0
0
0
EXPECT
1
2
5
6
END

CASE 2 0 4 0 0 2
Q
1
1
1
1
1
1
1
1
1
1
1
1
1
1
1
1
1
1
1
1
1
1
1
1
1
1
1
1
1
1
1
1
1
1
1
1
1
1
1
1
1
1
1
1
1
1
1
1
1
1
1
1
1
1
1
1
1
1
1
1
1
1
1
1
K
1
0
0
0
0
0
0
0
0
0
0
0
0
0
0
0
0
1
0
0
0
0
0
0
0
0
0
0
0
0
0
0
0
0
1
0
0
0
0
0
0
0
0
0
0
0
0
0
0
0
0
1
0
0
0
0
0
0
0
0
0
0
0
0
EXPECT
1
1
1
1
1
1
1
1
1
1
1
1
1
1
1
1
END

CASE 3 1 4 1 0 1
Q
127
127
127
127
127
127
127
127
127
127
127
127
127
127
127
127
127
127
127
127
127
127
127
127
127
127
127
127
127
127
127
127
127
127
127
127
127
127
127
127
127
127
127
127
127
127
127
127
127
127
127
127
127
127
127
127
127
127
127
127
127
127
127
127
K
-128
-128
-128
-128
-128
-128
-128
-128
-128
-128
-128
-128
-128
-128
-128
-128
-128
-128
-128
-128
-128
-128
-128
-128
-128
-128
-128
-128
-128
-128
-128
-128
-128
-128
-128
-128
-128
-128
-128
-128
-128
-128
-128
-128
-128
-128
-128
-128
-128
-128
-128
-128
-128
-128
-128
-128
-128
-128
-128
-128
-128
-128
-128
-128
EXPECT
-260096
-260096
-260096
-260096
-260096
-260096
-260096
-260096
-260096
-260096
-260096
-260096
-260096
-260096
-260096
-260096
END

CASE 4 0 4 2 1 1
Q
-1
15
86
33
-110
104
-37
84
-5
29
-104
21
-84
-126
42
73
63
-37
46
-38
64
116
104
112
74
-90
-27
-54
120
67
-90
-120
11
-42
36
-94
-9
36
21
-35
40
14
-25
-127
-35
126
-70
11
16
-5
-4
-77
-3
63
111
76
-118
-125
-72
-20
-17
77
50
18
K
-85
-41
-40
-115
-127
-57
77
56
126
-65
122
119
-42
83
-44
67
-116
17
-98
31
-17
62
-29
120
-85
-13
-60
109
22
72
-107
-5
-114
-51
4
-66
123
47
-103
-109
15
93
19
-1
-41
84
-115
-67
35
-83
6
5
1
-103
-82
123
-55
-61
114
1
12
59
24
-75
EXPECT
-14459
5235
-32708
-24293
127
11213
-820
9247
10617
-11044
30359
-7649
5657
19447
-28162
4396
END

CASE 5 1 3 2 0 1
Q
69
-36
99
-120
-15
27
100
-62
76
-29
14
-125
-20
124
12
113
8
-19
-65
72
-124
92
0
-79
-70
-50
-46
-18
-31
62
-123
-58
101
-66
-91
-112
10
-61
46
-16
-67
-84
112
-55
-58
-3
19
-44
K
-118
-49
17
58
81
101
112
95
-53
120
117
-72
-65
-15
21
40
83
120
89
-93
-19
7
-44
18
125
-122
66
-27
36
-89
-128
-70
45
-47
39
102
45
42
20
100
-96
85
-112
102
-52
-5
-15
111
EXPECT
2509
12471
-18619
-15393
-4549
-1059
-5457
9428
-31118
END

CASE 6 2 2 1 2 0
Q
-15
91
-93
28
9
123
-121
-48
125
104
20
-45
-116
105
-44
-22
49
121
71
61
13
124
6
73
-43
10
-87
-73
100
-80
-86
-63
K
-8
19
14
88
84
75
-97
-20
-45
116
7
126
24
-5
121
61
-50
36
95
-41
123
103
82
-67
119
-29
-41
-32
41
72
-89
40
EXPECT
16623
19432
-1542
20092
END

CASE 7 3 3 1 2 1
Q
-85
17
-111
38
123
-121
-43
-96
-73
53
46
-40
-74
67
-89
-67
72
43
-79
-14
44
-85
5
-51
50
-128
98
62
-79
3
76
-66
-79
-61
-128
-98
-30
56
104
53
92
-48
93
-79
119
41
120
-7
K
7
11
39
-92
-86
98
68
44
96
30
83
70
-49
37
93
-62
-52
-100
-119
113
120
-116
41
115
37
35
-20
-118
125
89
-64
-70
-91
64
-100
120
58
124
-28
88
17
60
97
8
127
-15
-39
12
EXPECT
-40235
46269
7714
13742
-12503
-20858
37133
35149
28088
END

CASE 8 0 2 0 2 0
Q
-12
-87
-60
-105
-61
29
8
111
122
-122
-64
-72
-4
54
104
-57
120
-45
66
80
115
-33
-115
105
53
-77
-2
105
-57
100
76
124
K
-117
-26
-4
-41
-54
-110
9
-80
11
57
-93
45
-126
54
-43
-47
-78
-98
-60
125
76
4
-62
120
-114
-32
-44
-101
98
-64
-20
-112
EXPECT
-1766
8781
-23838
-12061
END
