# seed=20260906 num_cases=3

CASE 1 32
IN
-128
-120
-112
-104
-96
-88
-80
-72
-64
-56
-48
-40
-32
-24
-16
-8
0
8
16
24
32
40
48
56
64
72
80
88
96
104
112
120
EXPECT
0
0
0
0
0
0
0
0
0
0
0
0
0
0
0
0
0
8
16
24
32
40
48
56
64
72
80
88
96
104
112
120
END

CASE 2 7
IN
-128
-127
-1
0
1
126
127
EXPECT
0
0
0
0
1
126
127
END

CASE 3 32
IN
63
28
105
-78
-108
2
-122
-101
-27
3
25
-49
-68
-69
-102
-14
-8
82
65
-42
-88
52
98
-88
122
4
-99
123
95
-33
49
-5
EXPECT
63
28
105
0
0
2
0
0
0
3
25
0
0
0
0
0
0
82
65
0
0
52
98
0
122
4
0
123
95
0
49
0
END
