# seed=20260902 num_cases=6

CASE 1 2 1
SCORE
10
100
20
30
EXPECT
32767
0
3906
28861
END

CASE 2 4 0
SCORE
0
10
20
30
40
50
60
70
80
90
100
110
120
130
140
150
EXPECT
32767
0
0
0
3906
28861
0
0
209
1543
31014
0
26
193
3880
28668
END

CASE 3 4 2
SCORE
1000000
-1000000
0
5
1
2
3
4
-50
-40
-30
-20
7
7
7
7
EXPECT
32767
0
0
0
16383
16383
0
0
193
3883
28691
0
8191
8191
8191
8191
END

CASE 4 2 0
SCORE
42296
-8279
12557
-10396
EXPECT
32767
0
32767
0
END

CASE 5 2 1
SCORE
45187
-9440
31921
2044
EXPECT
32767
0
32767
0
END

CASE 6 2 0
SCORE
8676
-9888
39605
-47821
EXPECT
32767
0
32767
0
END
