# seed=20260830 num_cases=4
# source=mini_gpt head0 Q full tiled N=16 K=64
# format: CASE id M a_gap c_hold
#         A
#         <M*64 signed INT8 values, one per line>
#         WEIGHT
#         <1024 INT8 tile-major: 16 blocks x 64 each>
#         MULT
#         <16 unsigned 18-bit multipliers, one per line>
#         EXPECT
#         <M*16 signed INT8 values, one per line>
#         END

CASE 1 1 0 2
A
24
103
9
57
-59
52
-4
-127
-52
9
-74
-74
-30
4
17
-6
47
70
53
-6
1
66
11
25
42
-72
8
6
36
-10
53
26
-32
-6
22
12
10
-47
15
-75
-16
58
59
-9
-28
3
75
4
-98
-23
86
-60
-47
11
-28
109
-37
87
-62
-102
-104
-62
-81
41
WEIGHT
88
57
60
56
-73
7
-8
116
-85
65
94
-67
-65
51
43
69
-22
-4
-9
25
-70
47
-15
62
-25
14
-74
-127
30
82
63
-3
36
42
-37
26
74
-10
62
35
-70
-94
-94
-100
-18
51
-51
-13
-13
63
-7
-12
-82
-2
89
4
9
54
13
117
-81
9
-25
-98
-24
-63
45
24
-48
-82
-108
28
-45
-7
2
27
-32
-66
74
64
-39
-19
-51
-2
-13
-14
-55
59
-34
-124
-17
81
-2
20
74
-50
5
17
-12
-54
-26
23
47
-48
-15
-1
-15
-56
10
-7
76
-70
-35
-5
22
46
-85
-39
127
-96
86
-5
95
-103
-53
84
-62
-32
42
-18
55
-83
12
11
-99
-80
15
56
-61
-19
-47
94
22
0
0
58
-92
27
127
68
3
51
102
32
-38
-7
52
7
25
-47
-49
-127
-44
-84
24
10
9
-78
90
27
-10
55
-7
22
-15
79
1
35
-30
18
41
-61
31
-3
70
-41
-43
58
-64
80
-88
98
16
-69
46
42
-105
-17
-107
88
-38
41
13
44
10
-101
71
25
42
-23
114
-44
127
-21
-1
47
-76
72
72
5
61
-13
-33
69
12
-24
-65
69
78
80
1
84
110
52
-17
63
120
-62
-29
101
-71
46
11
-37
120
-51
58
-67
-57
76
86
26
-55
-32
-4
34
-79
102
86
88
48
-3
-44
70
33
29
75
-82
-31
-28
-127
-16
-40
-48
87
31
-39
19
58
-70
111
70
30
105
-23
59
-92
66
-52
-34
-72
90
45
52
-16
-52
-57
95
29
94
-77
4
61
26
94
-47
104
87
39
-86
18
21
-21
105
-26
27
85
-90
-88
-107
-37
12
19
-65
-1
-55
24
69
17
-7
-71
23
75
79
20
-42
-36
-117
-70
127
0
51
54
-36
-81
-46
-17
50
-13
89
-67
69
-114
66
-103
-44
38
51
-50
5
84
13
94
37
65
-60
-16
-13
66
79
-8
-15
-78
-115
-45
55
-4
-113
7
-17
49
38
-113
-67
127
80
39
10
-73
28
73
-77
-44
-54
14
-63
-19
105
8
-17
81
32
-73
-15
-21
40
-38
38
112
83
-76
3
-70
91
111
-108
23
41
-52
-48
25
-127
55
80
-28
50
-24
21
45
78
52
-22
88
-45
75
-48
-109
96
-34
67
-65
88
-39
29
87
-5
-7
37
48
116
-22
-45
-28
109
-3
60
120
-41
75
80
11
-126
28
72
-81
-28
51
-61
-62
91
-71
-4
55
-68
-28
-49
0
113
85
-22
-60
-17
-48
-52
-44
10
-80
7
-66
109
1
-65
67
-104
82
-48
33
-14
37
-18
-53
-61
-6
55
64
23
87
7
32
40
-16
91
-120
-94
-96
-41
-26
-5
-31
50
39
-13
-47
36
-103
46
-35
30
-29
-72
49
30
-49
31
-63
25
5
96
-62
81
68
34
-35
-49
-15
51
-8
-17
-28
-70
-43
-21
-23
111
-31
-101
16
-26
6
-79
67
116
-74
29
69
-48
5
7
-61
44
38
73
-13
20
55
11
75
-9
-92
-117
12
1
-44
38
39
5
39
-40
76
12
-23
-112
-1
90
29
59
-13
70
49
21
-51
45
-24
-45
-28
-41
-89
-28
31
64
-10
35
106
79
54
70
18
72
-21
-39
-40
12
84
-24
-66
-49
97
-11
127
-10
18
127
-18
-116
43
-1
-32
87
-117
67
6
88
2
-74
23
64
-78
99
56
-124
73
-25
8
72
24
-91
46
-59
26
80
65
-44
-41
94
-102
-92
61
-36
1
79
40
-93
-90
73
-69
-70
66
95
20
31
28
86
35
-76
31
-70
33
-110
37
102
-37
-45
-108
60
-30
-3
-19
2
-73
-37
17
-127
-23
-89
-10
2
-4
-65
30
-88
-7
-8
-41
-12
-32
-4
85
86
23
67
-42
19
-10
-9
55
-77
127
2
-16
106
49
-67
69
-35
-106
-92
-28
57
1
93
-3
-15
10
-46
59
-53
-55
102
109
19
-2
89
-79
26
4
-44
-2
48
-44
-55
37
-25
22
19
-124
106
-76
-67
118
-45
-33
-99
26
10
-57
110
19
1
-127
40
120
-98
27
35
-111
-89
71
-20
-45
-36
10
109
-32
-15
92
-39
-98
-35
49
104
52
-37
2
91
81
-86
-1
-107
107
-71
31
-68
90
69
41
96
-65
-43
70
99
-11
-28
101
29
58
20
91
-52
-12
27
-25
43
11
-75
57
17
93
68
52
-41
-105
50
-86
-44
-40
70
-67
14
78
-80
-2
-68
-84
119
22
-74
-9
15
32
125
49
11
-46
93
28
45
-57
-61
-47
-90
-92
0
-15
62
54
-81
-39
127
-25
82
80
35
16
-79
-98
30
-4
-98
-35
-85
-20
49
-13
-8
83
-9
87
-82
80
47
114
93
12
-37
19
-35
-12
106
-47
-8
75
-53
80
-79
-50
99
-25
-95
-61
6
-3
-55
81
118
31
48
-89
-49
68
-33
52
87
36
37
13
-59
127
98
52
30
-62
-71
-10
-85
104
26
61
77
39
44
1
-55
-73
-69
-61
-45
74
-40
-105
-21
32
37
64
46
-65
-9
-42
-56
56
-65
-50
33
-90
85
4
127
15
73
70
47
38
-57
-84
-13
84
-94
114
-76
-114
27
56
62
119
-72
79
-25
98
28
-46
87
54
42
48
9
31
-10
20
113
-55
52
108
67
49
72
-24
-5
21
-3
50
-117
13
61
-30
-64
MULT
45005
45225
50338
44556
48435
43910
48325
50021
49418
43912
52058
47644
47917
46149
45950
39866
EXPECT
-42
12
-82
121
10
9
-90
34
-121
-88
-68
-18
25
27
-127
-50
END

CASE 2 4 0 2
A
17
72
6
40
-41
37
-3
-88
-36
7
-52
-51
-21
3
12
-4
33
49
37
-4
1
46
8
18
29
-50
6
4
25
-7
37
18
-22
-4
15
9
7
-33
11
-52
-11
41
41
-6
-20
2
52
3
-68
-16
60
-42
-33
8
-20
76
-26
60
-43
-71
-72
-43
-56
29
3
68
51
3
-19
-3
84
-6
50
3
16
11
19
41
47
-16
-3
12
-7
-13
50
-14
18
53
66
50
-24
-10
-5
7
-60
-10
19
56
-59
-42
46
-57
9
-36
3
18
40
-21
38
45
-14
-25
12
11
-71
17
-2
27
15
34
-22
12
99
44
-24
-36
37
69
8
19
59
24
-42
-25
-32
24
-33
-16
58
127
-17
23
-26
16
-16
-61
56
30
10
-57
18
-28
-7
23
-6
16
36
-24
33
7
68
-107
30
19
4
22
72
-16
33
-10
-16
3
-45
-4
-38
18
60
-5
11
-26
-6
-21
-37
43
-26
27
-8
-29
-16
-14
-12
-62
25
-41
-31
8
10
-39
-41
2
-34
-15
-24
-18
-86
33
66
-44
-29
53
-25
-2
65
3
-10
-66
-16
-14
30
-27
-3
7
-44
26
-15
63
56
7
-16
71
4
-7
9
15
10
39
3
-22
-39
65
-24
98
5
-6
-29
-25
-23
-27
16
56
7
-4
77
52
48
-36
WEIGHT
88
57
60
56
-73
7
-8
116
-85
65
94
-67
-65
51
43
69
-22
-4
-9
25
-70
47
-15
62
-25
14
-74
-127
30
82
63
-3
36
42
-37
26
74
-10
62
35
-70
-94
-94
-100
-18
51
-51
-13
-13
63
-7
-12
-82
-2
89
4
9
54
13
117
-81
9
-25
-98
-24
-63
45
24
-48
-82
-108
28
-45
-7
2
27
-32
-66
74
64
-39
-19
-51
-2
-13
-14
-55
59
-34
-124
-17
81
-2
20
74
-50
5
17
-12
-54
-26
23
47
-48
-15
-1
-15
-56
10
-7
76
-70
-35
-5
22
46
-85
-39
127
-96
86
-5
95
-103
-53
84
-62
-32
42
-18
55
-83
12
11
-99
-80
15
56
-61
-19
-47
94
22
0
0
58
-92
27
127
68
3
51
102
32
-38
-7
52
7
25
-47
-49
-127
-44
-84
24
10
9
-78
90
27
-10
55
-7
22
-15
79
1
35
-30
18
41
-61
31
-3
70
-41
-43
58
-64
80
-88
98
16
-69
46
42
-105
-17
-107
88
-38
41
13
44
10
-101
71
25
42
-23
114
-44
127
-21
-1
47
-76
72
72
5
61
-13
-33
69
12
-24
-65
69
78
80
1
84
110
52
-17
63
120
-62
-29
101
-71
46
11
-37
120
-51
58
-67
-57
76
86
26
-55
-32
-4
34
-79
102
86
88
48
-3
-44
70
33
29
75
-82
-31
-28
-127
-16
-40
-48
87
31
-39
19
58
-70
111
70
30
105
-23
59
-92
66
-52
-34
-72
90
45
52
-16
-52
-57
95
29
94
-77
4
61
26
94
-47
104
87
39
-86
18
21
-21
105
-26
27
85
-90
-88
-107
-37
12
19
-65
-1
-55
24
69
17
-7
-71
23
75
79
20
-42
-36
-117
-70
127
0
51
54
-36
-81
-46
-17
50
-13
89
-67
69
-114
66
-103
-44
38
51
-50
5
84
13
94
37
65
-60
-16
-13
66
79
-8
-15
-78
-115
-45
55
-4
-113
7
-17
49
38
-113
-67
127
80
39
10
-73
28
73
-77
-44
-54
14
-63
-19
105
8
-17
81
32
-73
-15
-21
40
-38
38
112
83
-76
3
-70
91
111
-108
23
41
-52
-48
25
-127
55
80
-28
50
-24
21
45
78
52
-22
88
-45
75
-48
-109
96
-34
67
-65
88
-39
29
87
-5
-7
37
48
116
-22
-45
-28
109
-3
60
120
-41
75
80
11
-126
28
72
-81
-28
51
-61
-62
91
-71
-4
55
-68
-28
-49
0
113
85
-22
-60
-17
-48
-52
-44
10
-80
7
-66
109
1
-65
67
-104
82
-48
33
-14
37
-18
-53
-61
-6
55
64
23
87
7
32
40
-16
91
-120
-94
-96
-41
-26
-5
-31
50
39
-13
-47
36
-103
46
-35
30
-29
-72
49
30
-49
31
-63
25
5
96
-62
81
68
34
-35
-49
-15
51
-8
-17
-28
-70
-43
-21
-23
111
-31
-101
16
-26
6
-79
67
116
-74
29
69
-48
5
7
-61
44
38
73
-13
20
55
11
75
-9
-92
-117
12
1
-44
38
39
5
39
-40
76
12
-23
-112
-1
90
29
59
-13
70
49
21
-51
45
-24
-45
-28
-41
-89
-28
31
64
-10
35
106
79
54
70
18
72
-21
-39
-40
12
84
-24
-66
-49
97
-11
127
-10
18
127
-18
-116
43
-1
-32
87
-117
67
6
88
2
-74
23
64
-78
99
56
-124
73
-25
8
72
24
-91
46
-59
26
80
65
-44
-41
94
-102
-92
61
-36
1
79
40
-93
-90
73
-69
-70
66
95
20
31
28
86
35
-76
31
-70
33
-110
37
102
-37
-45
-108
60
-30
-3
-19
2
-73
-37
17
-127
-23
-89
-10
2
-4
-65
30
-88
-7
-8
-41
-12
-32
-4
85
86
23
67
-42
19
-10
-9
55
-77
127
2
-16
106
49
-67
69
-35
-106
-92
-28
57
1
93
-3
-15
10
-46
59
-53
-55
102
109
19
-2
89
-79
26
4
-44
-2
48
-44
-55
37
-25
22
19
-124
106
-76
-67
118
-45
-33
-99
26
10
-57
110
19
1
-127
40
120
-98
27
35
-111
-89
71
-20
-45
-36
10
109
-32
-15
92
-39
-98
-35
49
104
52
-37
2
91
81
-86
-1
-107
107
-71
31
-68
90
69
41
96
-65
-43
70
99
-11
-28
101
29
58
20
91
-52
-12
27
-25
43
11
-75
57
17
93
68
52
-41
-105
50
-86
-44
-40
70
-67
14
78
-80
-2
-68
-84
119
22
-74
-9
15
32
125
49
11
-46
93
28
45
-57
-61
-47
-90
-92
0
-15
62
54
-81
-39
127
-25
82
80
35
16
-79
-98
30
-4
-98
-35
-85
-20
49
-13
-8
83
-9
87
-82
80
47
114
93
12
-37
19
-35
-12
106
-47
-8
75
-53
80
-79
-50
99
-25
-95
-61
6
-3
-55
81
118
31
48
-89
-49
68
-33
52
87
36
37
13
-59
127
98
52
30
-62
-71
-10
-85
104
26
61
77
39
44
1
-55
-73
-69
-61
-45
74
-40
-105
-21
32
37
64
46
-65
-9
-42
-56
56
-65
-50
33
-90
85
4
127
15
73
70
47
38
-57
-84
-13
84
-94
114
-76
-114
27
56
62
119
-72
79
-25
98
28
-46
87
54
42
48
9
31
-10
20
113
-55
52
108
67
49
72
-24
-5
21
-3
50
-117
13
61
-30
-64
MULT
37736
37921
42208
37360
40613
36818
40520
41942
41436
36820
43650
39949
40178
38695
38528
33428
EXPECT
-25
7
-48
71
6
6
-53
20
-71
-52
-40
-11
15
16
-74
-29
-11
-4
-27
21
-6
83
-41
69
35
106
-76
97
109
45
40
22
-11
23
50
-26
58
61
-51
-6
-3
-89
51
-127
5
-56
-28
101
-8
48
-88
75
-37
-10
11
20
16
-66
31
35
64
16
26
-93
END

CASE 3 2 0 2
A
22
92
8
51
-53
47
-4
-114
-47
8
-66
-66
-27
4
15
-6
42
63
48
-6
1
59
10
23
37
-64
8
5
33
-9
48
24
-29
-5
20
11
9
-42
14
-67
-14
52
53
-8
-25
2
67
3
-88
-21
77
-54
-42
10
-25
98
-33
78
-55
-91
-93
-56
-73
37
4
87
65
3
-24
-4
108
-8
64
3
21
14
25
53
61
-20
-4
15
-10
-17
64
-18
24
68
85
65
-31
-12
-7
9
-77
-13
24
72
-75
-53
59
-74
12
-47
4
24
51
-27
49
57
-18
-32
15
14
-92
22
-3
34
19
44
-28
16
127
57
-31
-46
47
88
WEIGHT
88
57
60
56
-73
7
-8
116
-85
65
94
-67
-65
51
43
69
-22
-4
-9
25
-70
47
-15
62
-25
14
-74
-127
30
82
63
-3
36
42
-37
26
74
-10
62
35
-70
-94
-94
-100
-18
51
-51
-13
-13
63
-7
-12
-82
-2
89
4
9
54
13
117
-81
9
-25
-98
-24
-63
45
24
-48
-82
-108
28
-45
-7
2
27
-32
-66
74
64
-39
-19
-51
-2
-13
-14
-55
59
-34
-124
-17
81
-2
20
74
-50
5
17
-12
-54
-26
23
47
-48
-15
-1
-15
-56
10
-7
76
-70
-35
-5
22
46
-85
-39
127
-96
86
-5
95
-103
-53
84
-62
-32
42
-18
55
-83
12
11
-99
-80
15
56
-61
-19
-47
94
22
0
0
58
-92
27
127
68
3
51
102
32
-38
-7
52
7
25
-47
-49
-127
-44
-84
24
10
9
-78
90
27
-10
55
-7
22
-15
79
1
35
-30
18
41
-61
31
-3
70
-41
-43
58
-64
80
-88
98
16
-69
46
42
-105
-17
-107
88
-38
41
13
44
10
-101
71
25
42
-23
114
-44
127
-21
-1
47
-76
72
72
5
61
-13
-33
69
12
-24
-65
69
78
80
1
84
110
52
-17
63
120
-62
-29
101
-71
46
11
-37
120
-51
58
-67
-57
76
86
26
-55
-32
-4
34
-79
102
86
88
48
-3
-44
70
33
29
75
-82
-31
-28
-127
-16
-40
-48
87
31
-39
19
58
-70
111
70
30
105
-23
59
-92
66
-52
-34
-72
90
45
52
-16
-52
-57
95
29
94
-77
4
61
26
94
-47
104
87
39
-86
18
21
-21
105
-26
27
85
-90
-88
-107
-37
12
19
-65
-1
-55
24
69
17
-7
-71
23
75
79
20
-42
-36
-117
-70
127
0
51
54
-36
-81
-46
-17
50
-13
89
-67
69
-114
66
-103
-44
38
51
-50
5
84
13
94
37
65
-60
-16
-13
66
79
-8
-15
-78
-115
-45
55
-4
-113
7
-17
49
38
-113
-67
127
80
39
10
-73
28
73
-77
-44
-54
14
-63
-19
105
8
-17
81
32
-73
-15
-21
40
-38
38
112
83
-76
3
-70
91
111
-108
23
41
-52
-48
25
-127
55
80
-28
50
-24
21
45
78
52
-22
88
-45
75
-48
-109
96
-34
67
-65
88
-39
29
87
-5
-7
37
48
116
-22
-45
-28
109
-3
60
120
-41
75
80
11
-126
28
72
-81
-28
51
-61
-62
91
-71
-4
55
-68
-28
-49
0
113
85
-22
-60
-17
-48
-52
-44
10
-80
7
-66
109
1
-65
67
-104
82
-48
33
-14
37
-18
-53
-61
-6
55
64
23
87
7
32
40
-16
91
-120
-94
-96
-41
-26
-5
-31
50
39
-13
-47
36
-103
46
-35
30
-29
-72
49
30
-49
31
-63
25
5
96
-62
81
68
34
-35
-49
-15
51
-8
-17
-28
-70
-43
-21
-23
111
-31
-101
16
-26
6
-79
67
116
-74
29
69
-48
5
7
-61
44
38
73
-13
20
55
11
75
-9
-92
-117
12
1
-44
38
39
5
39
-40
76
12
-23
-112
-1
90
29
59
-13
70
49
21
-51
45
-24
-45
-28
-41
-89
-28
31
64
-10
35
106
79
54
70
18
72
-21
-39
-40
12
84
-24
-66
-49
97
-11
127
-10
18
127
-18
-116
43
-1
-32
87
-117
67
6
88
2
-74
23
64
-78
99
56
-124
73
-25
8
72
24
-91
46
-59
26
80
65
-44
-41
94
-102
-92
61
-36
1
79
40
-93
-90
73
-69
-70
66
95
20
31
28
86
35
-76
31
-70
33
-110
37
102
-37
-45
-108
60
-30
-3
-19
2
-73
-37
17
-127
-23
-89
-10
2
-4
-65
30
-88
-7
-8
-41
-12
-32
-4
85
86
23
67
-42
19
-10
-9
55
-77
127
2
-16
106
49
-67
69
-35
-106
-92
-28
57
1
93
-3
-15
10
-46
59
-53
-55
102
109
19
-2
89
-79
26
4
-44
-2
48
-44
-55
37
-25
22
19
-124
106
-76
-67
118
-45
-33
-99
26
10
-57
110
19
1
-127
40
120
-98
27
35
-111
-89
71
-20
-45
-36
10
109
-32
-15
92
-39
-98
-35
49
104
52
-37
2
91
81
-86
-1
-107
107
-71
31
-68
90
69
41
96
-65
-43
70
99
-11
-28
101
29
58
20
91
-52
-12
27
-25
43
11
-75
57
17
93
68
52
-41
-105
50
-86
-44
-40
70
-67
14
78
-80
-2
-68
-84
119
22
-74
-9
15
32
125
49
11
-46
93
28
45
-57
-61
-47
-90
-92
0
-15
62
54
-81
-39
127
-25
82
80
35
16
-79
-98
30
-4
-98
-35
-85
-20
49
-13
-8
83
-9
87
-82
80
47
114
93
12
-37
19
-35
-12
106
-47
-8
75
-53
80
-79
-50
99
-25
-95
-61
6
-3
-55
81
118
31
48
-89
-49
68
-33
52
87
36
37
13
-59
127
98
52
30
-62
-71
-10
-85
104
26
61
77
39
44
1
-55
-73
-69
-61
-45
74
-40
-105
-21
32
37
64
46
-65
-9
-42
-56
56
-65
-50
33
-90
85
4
127
15
73
70
47
38
-57
-84
-13
84
-94
114
-76
-114
27
56
62
119
-72
79
-25
98
28
-46
87
54
42
48
9
31
-10
20
113
-55
52
108
67
49
72
-24
-5
21
-3
50
-117
13
61
-30
-64
MULT
34126
34293
38170
33785
36727
33295
36644
37930
37472
33297
39474
36127
36334
34993
34842
30229
EXPECT
-28
9
-56
82
7
6
-61
23
-82
-60
-46
-12
17
18
-86
-34
-12
-5
-32
24
-7
95
-48
81
41
124
-87
113
126
53
47
27
END

CASE 4 4 0 2
A
12
-22
40
56
-43
68
-17
10
-61
-83
18
-8
27
43
-118
0
-29
-45
-7
19
-45
-77
-30
-21
49
38
-50
-38
8
102
32
44
-88
-57
3
15
-35
0
-58
9
44
-65
30
6
-88
-76
-28
20
15
10
34
-17
7
30
13
-21
55
-33
18
28
-43
-62
0
-75
-7
48
-88
-11
-16
-58
-22
5
-71
19
30
72
-48
-11
-44
18
-29
27
-31
-68
56
-4
-67
2
-44
43
11
87
-81
28
32
40
-59
-69
-46
10
43
106
43
-46
48
-30
18
-27
-1
-28
24
56
-81
15
-2
88
-10
-35
-34
47
3
30
21
-47
18
-42
-39
-12
-37
20
-68
27
21
-29
-67
-15
-33
-2
-55
-25
-45
-14
105
16
-29
53
-42
-29
-34
12
30
-49
48
43
22
0
-51
2
-65
0
-42
20
-38
0
-75
43
-12
11
61
59
-71
14
-71
-4
-20
-127
58
-13
12
18
-94
-1
55
-30
53
27
28
-2
90
20
-31
-50
-77
-16
-34
-21
16
6
1
29
16
21
-2
-30
-28
52
38
34
-8
60
-75
-32
-78
61
55
-13
-81
0
-28
-11
29
45
-29
20
-57
-62
-17
-87
-40
34
27
-23
-26
15
38
-127
20
45
28
109
19
2
50
-59
65
-33
33
33
78
-48
56
-21
6
-34
19
-3
WEIGHT
88
57
60
56
-73
7
-8
116
-85
65
94
-67
-65
51
43
69
-22
-4
-9
25
-70
47
-15
62
-25
14
-74
-127
30
82
63
-3
36
42
-37
26
74
-10
62
35
-70
-94
-94
-100
-18
51
-51
-13
-13
63
-7
-12
-82
-2
89
4
9
54
13
117
-81
9
-25
-98
-24
-63
45
24
-48
-82
-108
28
-45
-7
2
27
-32
-66
74
64
-39
-19
-51
-2
-13
-14
-55
59
-34
-124
-17
81
-2
20
74
-50
5
17
-12
-54
-26
23
47
-48
-15
-1
-15
-56
10
-7
76
-70
-35
-5
22
46
-85
-39
127
-96
86
-5
95
-103
-53
84
-62
-32
42
-18
55
-83
12
11
-99
-80
15
56
-61
-19
-47
94
22
0
0
58
-92
27
127
68
3
51
102
32
-38
-7
52
7
25
-47
-49
-127
-44
-84
24
10
9
-78
90
27
-10
55
-7
22
-15
79
1
35
-30
18
41
-61
31
-3
70
-41
-43
58
-64
80
-88
98
16
-69
46
42
-105
-17
-107
88
-38
41
13
44
10
-101
71
25
42
-23
114
-44
127
-21
-1
47
-76
72
72
5
61
-13
-33
69
12
-24
-65
69
78
80
1
84
110
52
-17
63
120
-62
-29
101
-71
46
11
-37
120
-51
58
-67
-57
76
86
26
-55
-32
-4
34
-79
102
86
88
48
-3
-44
70
33
29
75
-82
-31
-28
-127
-16
-40
-48
87
31
-39
19
58
-70
111
70
30
105
-23
59
-92
66
-52
-34
-72
90
45
52
-16
-52
-57
95
29
94
-77
4
61
26
94
-47
104
87
39
-86
18
21
-21
105
-26
27
85
-90
-88
-107
-37
12
19
-65
-1
-55
24
69
17
-7
-71
23
75
79
20
-42
-36
-117
-70
127
0
51
54
-36
-81
-46
-17
50
-13
89
-67
69
-114
66
-103
-44
38
51
-50
5
84
13
94
37
65
-60
-16
-13
66
79
-8
-15
-78
-115
-45
55
-4
-113
7
-17
49
38
-113
-67
127
80
39
10
-73
28
73
-77
-44
-54
14
-63
-19
105
8
-17
81
32
-73
-15
-21
40
-38
38
112
83
-76
3
-70
91
111
-108
23
41
-52
-48
25
-127
55
80
-28
50
-24
21
45
78
52
-22
88
-45
75
-48
-109
96
-34
67
-65
88
-39
29
87
-5
-7
37
48
116
-22
-45
-28
109
-3
60
120
-41
75
80
11
-126
28
72
-81
-28
51
-61
-62
91
-71
-4
55
-68
-28
-49
0
113
85
-22
-60
-17
-48
-52
-44
10
-80
7
-66
109
1
-65
67
-104
82
-48
33
-14
37
-18
-53
-61
-6
55
64
23
87
7
32
40
-16
91
-120
-94
-96
-41
-26
-5
-31
50
39
-13
-47
36
-103
46
-35
30
-29
-72
49
30
-49
31
-63
25
5
96
-62
81
68
34
-35
-49
-15
51
-8
-17
-28
-70
-43
-21
-23
111
-31
-101
16
-26
6
-79
67
116
-74
29
69
-48
5
7
-61
44
38
73
-13
20
55
11
75
-9
-92
-117
12
1
-44
38
39
5
39
-40
76
12
-23
-112
-1
90
29
59
-13
70
49
21
-51
45
-24
-45
-28
-41
-89
-28
31
64
-10
35
106
79
54
70
18
72
-21
-39
-40
12
84
-24
-66
-49
97
-11
127
-10
18
127
-18
-116
43
-1
-32
87
-117
67
6
88
2
-74
23
64
-78
99
56
-124
73
-25
8
72
24
-91
46
-59
26
80
65
-44
-41
94
-102
-92
61
-36
1
79
40
-93
-90
73
-69
-70
66
95
20
31
28
86
35
-76
31
-70
33
-110
37
102
-37
-45
-108
60
-30
-3
-19
2
-73
-37
17
-127
-23
-89
-10
2
-4
-65
30
-88
-7
-8
-41
-12
-32
-4
85
86
23
67
-42
19
-10
-9
55
-77
127
2
-16
106
49
-67
69
-35
-106
-92
-28
57
1
93
-3
-15
10
-46
59
-53
-55
102
109
19
-2
89
-79
26
4
-44
-2
48
-44
-55
37
-25
22
19
-124
106
-76
-67
118
-45
-33
-99
26
10
-57
110
19
1
-127
40
120
-98
27
35
-111
-89
71
-20
-45
-36
10
109
-32
-15
92
-39
-98
-35
49
104
52
-37
2
91
81
-86
-1
-107
107
-71
31
-68
90
69
41
96
-65
-43
70
99
-11
-28
101
29
58
20
91
-52
-12
27
-25
43
11
-75
57
17
93
68
52
-41
-105
50
-86
-44
-40
70
-67
14
78
-80
-2
-68
-84
119
22
-74
-9
15
32
125
49
11
-46
93
28
45
-57
-61
-47
-90
-92
0
-15
62
54
-81
-39
127
-25
82
80
35
16
-79
-98
30
-4
-98
-35
-85
-20
49
-13
-8
83
-9
87
-82
80
47
114
93
12
-37
19
-35
-12
106
-47
-8
75
-53
80
-79
-50
99
-25
-95
-61
6
-3
-55
81
118
31
48
-89
-49
68
-33
52
87
36
37
13
-59
127
98
52
30
-62
-71
-10
-85
104
26
61
77
39
44
1
-55
-73
-69
-61
-45
74
-40
-105
-21
32
37
64
46
-65
-9
-42
-56
56
-65
-50
33
-90
85
4
127
15
73
70
47
38
-57
-84
-13
84
-94
114
-76
-114
27
56
62
119
-72
79
-25
98
28
-46
87
54
42
48
9
31
-10
20
113
-55
52
108
67
49
72
-24
-5
21
-3
50
-117
13
61
-30
-64
MULT
44174
44390
49408
43733
47541
43099
47433
49098
48505
43101
51097
46764
47033
45297
45101
39130
EXPECT
-104
30
75
-30
-64
-52
-56
-119
116
-88
11
78
-84
-99
-86
14
23
17
-82
-13
19
-75
-119
101
14
-73
-1
59
-68
-24
-30
55
4
-59
-1
30
-83
-37
-76
-61
-44
89
63
127
-39
41
88
-55
-28
-16
-31
86
18
-42
-24
-4
-47
-39
-24
76
15
23
115
5
END
