# seed=20260831 num_cases=5
# source=mini_gpt Q/K/V multi-head tiled banks
# WEIGHT_DEPTH=12288 MULT_DEPTH=192
# memory_map: op_base={{0,4096,8192}} head_stride=1024 mult_base=op*64+head*16
# format: PRELOAD_WEIGHT / PRELOAD_MULT once, then
#         CASE id op head M a_gap c_hold
#         A / EXPECT / END

PRELOAD_WEIGHT
88
57
60
56
-73
7
-8
116
-85
65
94
-67
-65
51
43
69
-22
-4
-9
25
-70
47
-15
62
-25
14
-74
-127
30
82
63
-3
36
42
-37
26
74
-10
62
35
-70
-94
-94
-100
-18
51
-51
-13
-13
63
-7
-12
-82
-2
89
4
9
54
13
117
-81
9
-25
-98
-24
-63
45
24
-48
-82
-108
28
-45
-7
2
27
-32
-66
74
64
-39
-19
-51
-2
-13
-14
-55
59
-34
-124
-17
81
-2
20
74
-50
5
17
-12
-54
-26
23
47
-48
-15
-1
-15
-56
10
-7
76
-70
-35
-5
22
46
-85
-39
127
-96
86
-5
95
-103
-53
84
-62
-32
42
-18
55
-83
12
11
-99
-80
15
56
-61
-19
-47
94
22
0
0
58
-92
27
127
68
3
51
102
32
-38
-7
52
7
25
-47
-49
-127
-44
-84
24
10
9
-78
90
27
-10
55
-7
22
-15
79
1
35
-30
18
41
-61
31
-3
70
-41
-43
58
-64
80
-88
98
16
-69
46
42
-105
-17
-107
88
-38
41
13
44
10
-101
71
25
42
-23
114
-44
127
-21
-1
47
-76
72
72
5
61
-13
-33
69
12
-24
-65
69
78
80
1
84
110
52
-17
63
120
-62
-29
101
-71
46
11
-37
120
-51
58
-67
-57
76
86
26
-55
-32
-4
34
-79
102
86
88
48
-3
-44
70
33
29
75
-82
-31
-28
-127
-16
-40
-48
87
31
-39
19
58
-70
111
70
30
105
-23
59
-92
66
-52
-34
-72
90
45
52
-16
-52
-57
95
29
94
-77
4
61
26
94
-47
104
87
39
-86
18
21
-21
105
-26
27
85
-90
-88
-107
-37
12
19
-65
-1
-55
24
69
17
-7
-71
23
75
79
20
-42
-36
-117
-70
127
0
51
54
-36
-81
-46
-17
50
-13
89
-67
69
-114
66
-103
-44
38
51
-50
5
84
13
94
37
65
-60
-16
-13
66
79
-8
-15
-78
-115
-45
55
-4
-113
7
-17
49
38
-113
-67
127
80
39
10
-73
28
73
-77
-44
-54
14
-63
-19
105
8
-17
81
32
-73
-15
-21
40
-38
38
112
83
-76
3
-70
91
111
-108
23
41
-52
-48
25
-127
55
80
-28
50
-24
21
45
78
52
-22
88
-45
75
-48
-109
96
-34
67
-65
88
-39
29
87
-5
-7
37
48
116
-22
-45
-28
109
-3
60
120
-41
75
80
11
-126
28
72
-81
-28
51
-61
-62
91
-71
-4
55
-68
-28
-49
0
113
85
-22
-60
-17
-48
-52
-44
10
-80
7
-66
109
1
-65
67
-104
82
-48
33
-14
37
-18
-53
-61
-6
55
64
23
87
7
32
40
-16
91
-120
-94
-96
-41
-26
-5
-31
50
39
-13
-47
36
-103
46
-35
30
-29
-72
49
30
-49
31
-63
25
5
96
-62
81
68
34
-35
-49
-15
51
-8
-17
-28
-70
-43
-21
-23
111
-31
-101
16
-26
6
-79
67
116
-74
29
69
-48
5
7
-61
44
38
73
-13
20
55
11
75
-9
-92
-117
12
1
-44
38
39
5
39
-40
76
12
-23
-112
-1
90
29
59
-13
70
49
21
-51
45
-24
-45
-28
-41
-89
-28
31
64
-10
35
106
79
54
70
18
72
-21
-39
-40
12
84
-24
-66
-49
97
-11
127
-10
18
127
-18
-116
43
-1
-32
87
-117
67
6
88
2
-74
23
64
-78
99
56
-124
73
-25
8
72
24
-91
46
-59
26
80
65
-44
-41
94
-102
-92
61
-36
1
79
40
-93
-90
73
-69
-70
66
95
20
31
28
86
35
-76
31
-70
33
-110
37
102
-37
-45
-108
60
-30
-3
-19
2
-73
-37
17
-127
-23
-89
-10
2
-4
-65
30
-88
-7
-8
-41
-12
-32
-4
85
86
23
67
-42
19
-10
-9
55
-77
127
2
-16
106
49
-67
69
-35
-106
-92
-28
57
1
93
-3
-15
10
-46
59
-53
-55
102
109
19
-2
89
-79
26
4
-44
-2
48
-44
-55
37
-25
22
19
-124
106
-76
-67
118
-45
-33
-99
26
10
-57
110
19
1
-127
40
120
-98
27
35
-111
-89
71
-20
-45
-36
10
109
-32
-15
92
-39
-98
-35
49
104
52
-37
2
91
81
-86
-1
-107
107
-71
31
-68
90
69
41
96
-65
-43
70
99
-11
-28
101
29
58
20
91
-52
-12
27
-25
43
11
-75
57
17
93
68
52
-41
-105
50
-86
-44
-40
70
-67
14
78
-80
-2
-68
-84
119
22
-74
-9
15
32
125
49
11
-46
93
28
45
-57
-61
-47
-90
-92
0
-15
62
54
-81
-39
127
-25
82
80
35
16
-79
-98
30
-4
-98
-35
-85
-20
49
-13
-8
83
-9
87
-82
80
47
114
93
12
-37
19
-35
-12
106
-47
-8
75
-53
80
-79
-50
99
-25
-95
-61
6
-3
-55
81
118
31
48
-89
-49
68
-33
52
87
36
37
13
-59
127
98
52
30
-62
-71
-10
-85
104
26
61
77
39
44
1
-55
-73
-69
-61
-45
74
-40
-105
-21
32
37
64
46
-65
-9
-42
-56
56
-65
-50
33
-90
85
4
127
15
73
70
47
38
-57
-84
-13
84
-94
114
-76
-114
27
56
62
119
-72
79
-25
98
28
-46
87
54
42
48
9
31
-10
20
113
-55
52
108
67
49
72
-24
-5
21
-3
50
-117
13
61
-30
-64
-27
-61
-58
-66
9
-71
-5
20
48
-50
75
-86
68
-61
-52
5
66
43
-67
-7
127
46
-119
-92
13
-43
92
68
-76
102
-118
-23
-24
73
55
116
-32
53
20
20
-79
73
23
43
-59
-4
127
108
10
-16
7
-74
44
-66
-34
62
5
-90
36
85
99
8
-92
43
-110
-90
64
-92
-30
-111
-51
0
74
-51
-57
26
66
104
80
-41
67
3
-52
76
104
54
79
-76
-95
27
-9
9
-84
46
77
41
64
-58
-35
-83
-36
-51
-79
95
79
19
9
-4
-65
28
-23
-8
-34
-63
30
-88
4
67
34
-73
110
98
-72
-110
-25
53
-37
-95
-1
-41
-99
98
20
15
87
-51
-33
54
25
38
4
41
45
14
36
-44
67
-76
46
0
27
-106
57
-55
23
-56
15
-83
-83
76
8
-59
-98
4
-24
76
-55
52
80
-34
13
74
-58
16
8
-16
-115
32
-86
12
35
-47
34
-38
111
-9
-26
-74
91
-100
45
85
-37
21
-15
-47
35
52
-51
5
-5
-127
-52
112
-77
65
-10
-60
-73
-41
16
-13
-7
61
-59
36
-27
-13
126
-103
14
10
41
5
122
58
57
-60
-106
1
80
-44
-13
-81
2
-61
1
-8
4
72
38
94
-4
-84
5
-104
83
55
-75
35
-20
127
-48
0
-35
2
73
-84
34
16
-12
36
-11
-103
57
38
4
39
-31
87
-64
-66
-76
27
4
33
-78
0
96
-18
-35
58
-11
15
53
-19
-78
33
4
11
102
61
80
33
42
0
53
-91
11
107
6
68
83
66
-53
15
-23
-28
69
91
24
-24
-84
32
8
-111
127
-30
110
-6
23
39
46
-73
34
20
10
-17
114
38
83
-68
-46
76
43
66
42
18
-38
-39
58
28
-28
-99
104
90
127
8
63
10
-73
-42
-51
95
72
-16
-25
90
-55
-47
80
-105
-89
-14
42
-42
-65
94
72
-80
33
127
52
-79
9
10
-69
34
-75
-43
60
70
-39
-27
17
4
59
28
-83
-30
66
13
-29
-77
3
44
-51
-123
-10
-44
-28
13
-27
76
-48
7
14
-96
-81
49
55
50
-78
20
-57
-94
78
54
98
-100
-74
10
37
86
4
-46
103
83
-23
61
-17
29
39
-11
-47
3
22
-24
38
-50
-75
-23
-59
-88
-11
99
-55
-26
-36
60
-16
7
-28
44
12
116
-55
-43
47
-10
-60
-53
15
-60
2
-127
18
84
-35
-35
-51
-53
-35
7
-92
38
38
-46
-70
62
-45
-23
-31
-25
-43
-78
14
60
-28
-3
-54
-44
-61
57
-29
115
44
-103
-41
100
-82
-46
56
99
4
52
61
21
83
55
-35
70
69
-11
111
40
21
-50
68
49
-15
56
66
60
-77
53
38
-8
20
-36
-24
-107
25
102
-9
66
-77
89
-6
-52
61
-5
-81
74
-29
-106
4
65
17
-80
15
27
-45
42
-66
11
87
-45
-21
-77
68
-20
-53
-76
127
13
-45
-34
-87
9
-44
-23
-44
14
120
-39
21
-43
-109
-87
-36
30
15
69
-112
7
97
-16
63
-18
24
52
-32
34
38
-5
-47
-25
18
-57
97
-25
54
-48
-31
52
67
-117
119
36
96
76
-49
28
-1
38
-57
-68
-43
-29
98
28
107
-6
-99
-16
-92
-77
6
14
-121
61
-68
105
49
83
-95
8
-100
-85
-84
-116
38
8
69
-91
-66
-93
-67
57
-75
-81
74
100
49
-47
-97
-65
11
-78
106
-32
-74
-82
-67
-81
32
-23
-94
42
23
-51
121
-82
-15
50
71
8
42
-61
71
-83
-28
59
-126
-127
-33
51
72
-51
-74
98
66
33
-23
-100
-68
-81
72
70
-8
-25
59
87
52
-25
20
0
18
-81
14
-38
22
-9
82
79
24
95
-26
32
-51
10
-127
-69
-26
-116
-93
-127
2
54
-20
-101
54
-96
68
66
-74
9
90
59
39
-50
-15
-2
-112
-81
-88
-76
89
91
121
66
14
-110
-122
-29
22
-58
100
35
34
-49
-82
-79
-72
40
-46
27
-28
-80
-84
22
40
-57
-91
-3
26
38
40
51
79
1
22
-23
115
113
24
63
-109
-8
35
37
77
57
-25
-65
-76
-88
-26
84
-31
109
22
-8
54
-1
-107
-53
-46
37
46
-67
114
-43
-23
72
22
46
-103
14
-21
89
38
6
25
99
11
12
-47
127
-85
-125
-14
-70
-18
127
27
-74
-5
83
-19
71
-63
-56
7
88
64
41
24
-94
11
-43
73
-36
-53
-13
-2
51
-63
-48
64
1
-68
89
35
21
59
66
-50
92
-5
-33
-109
55
13
-43
-3
-61
7
-8
82
-51
32
-54
-74
108
42
29
-50
3
24
45
84
-23
-86
102
-41
-47
67
7
-95
-56
-115
71
-25
110
0
17
94
-60
-97
1
78
-118
21
86
47
-100
-55
-79
41
-46
-125
-37
-91
-19
-40
-66
-96
-95
43
-9
70
36
59
84
53
39
71
14
9
-57
-78
-7
-40
-81
-69
-115
-127
-62
53
-34
-15
81
8
1
-34
1
-29
-51
-20
44
127
35
-23
-97
-29
-69
-86
70
71
92
-33
-2
21
-24
-49
-34
-65
99
76
21
-109
60
-49
-41
-102
104
59
-109
62
-5
-113
-91
-111
7
-24
64
-33
26
4
119
-34
-44
-111
-108
-25
-21
-24
50
-91
39
58
-76
-62
0
-98
73
-48
-42
62
36
17
39
0
17
35
-57
61
96
44
41
-66
47
86
85
-13
117
3
-21
6
11
-48
-95
-24
-31
102
-56
127
26
39
44
-7
-91
19
88
20
23
5
-14
-105
-22
-76
8
-96
98
18
-25
-72
58
53
-21
50
-114
-5
-76
-32
-20
-120
34
46
-49
59
-6
63
-71
61
-18
2
50
96
-28
-109
-53
80
78
-31
45
5
-75
-49
24
79
-18
-89
66
71
55
-11
-15
-73
-13
-106
-68
-48
14
-122
127
65
-33
-20
-107
-105
-5
-54
30
-94
-62
63
-39
-106
117
28
-41
-33
-97
103
-5
21
-44
44
36
84
-56
-44
-33
-47
59
-24
20
-52
-18
71
72
-33
-82
-48
12
-78
-15
8
78
-19
-1
-110
-37
-27
127
32
-1
91
67
3
-125
-125
53
39
-61
5
-68
61
-53
-54
-48
-9
43
-36
-57
25
-48
34
80
-68
-57
78
82
-24
-34
74
-61
67
88
-37
-46
67
-77
-15
62
-61
-42
-58
-34
14
19
-57
8
45
-49
-6
-65
9
-36
51
-35
51
-99
-9
-38
46
-77
56
-81
-98
21
3
81
-18
69
-28
-52
-38
-65
-2
0
85
-43
76
-74
-15
-9
34
76
32
80
-42
50
66
-37
-86
-36
32
-97
127
-53
44
88
53
5
-2
-99
94
-71
-53
-11
-45
82
68
-52
-54
-14
83
51
31
70
73
-63
16
31
90
13
24
-32
35
80
-53
-61
-24
41
115
-67
61
-95
98
61
80
-68
118
-102
24
-94
-32
-20
-12
-124
-78
-121
115
-45
-102
-24
-2
89
-104
-2
-4
-100
-89
-12
-4
-87
-75
-53
-13
-19
115
-8
-98
-26
-77
4
-12
83
0
91
36
-81
86
54
-32
-48
68
-47
-49
-38
10
33
3
-5
-57
75
20
-10
22
70
34
-4
-42
51
-113
-42
71
-10
25
-12
63
90
63
65
44
-57
2
-21
65
89
-12
-40
72
75
-6
-79
-126
-56
-52
8
-26
-88
31
-64
-92
28
-27
23
30
-37
-73
-64
-74
98
-38
43
39
-41
54
38
-125
79
98
-53
58
95
-21
-40
-104
20
75
-109
-123
-11
-12
-69
-58
-54
-72
78
51
108
32
-75
-43
-40
56
54
1
-49
-40
72
-26
68
80
127
-31
11
39
-57
32
58
-52
-77
79
40
6
86
-47
-34
58
-22
127
108
63
-50
33
3
-104
-94
43
62
-116
122
14
-29
-38
-105
90
21
-28
28
-94
102
-94
46
-52
-43
-10
-60
48
94
-127
65
-52
-19
-79
60
112
47
18
71
-68
36
42
43
-74
11
-27
38
85
55
69
46
51
13
-55
-41
38
-73
16
-101
-76
-117
121
23
-1
-127
124
28
8
13
-17
62
-61
-43
13
-19
-101
-100
8
-76
23
-15
-110
1
15
22
-86
-41
77
-109
-10
37
62
41
-102
-70
-81
57
21
60
53
15
-18
90
-65
-99
-91
-55
-75
-20
-14
36
47
-120
46
30
58
-38
74
32
8
33
-3
-22
-25
92
71
119
-47
-102
50
-44
127
-25
82
37
-57
-9
37
-22
106
41
30
39
-45
126
13
-8
-84
-88
3
-94
19
-37
-34
72
36
1
-16
-120
-67
-103
-84
-94
7
-107
99
78
-21
-118
-29
-18
-24
126
92
9
-32
-23
49
-127
109
-62
85
-30
-49
-21
-24
-69
47
95
55
11
47
-122
18
45
-22
8
-13
113
38
19
46
9
-93
-127
-74
97
-49
82
107
45
89
-95
52
-122
-50
52
-18
-82
19
41
-75
1
-86
22
-58
110
1
18
-17
7
-86
-80
-23
-39
54
80
16
45
111
-72
127
-71
45
28
56
108
-14
103
10
0
75
-55
-10
15
98
17
86
-42
66
28
11
14
40
-39
25
-10
63
11
-16
115
15
-20
107
121
68
92
83
71
87
-88
24
-36
11
-16
30
13
51
-85
32
-65
62
-14
34
76
-56
79
-65
-16
-85
15
-52
-76
-38
-54
35
-38
29
116
33
-52
62
114
-82
-110
48
-11
-3
5
27
-58
48
12
-18
-92
4
21
127
51
124
-88
25
-83
35
46
51
-23
33
-20
-94
-82
-118
-69
29
68
68
-42
-60
10
12
-81
-67
-71
-74
-3
45
34
-108
-71
-59
73
4
80
59
25
-65
-49
-34
2
90
-39
33
-107
-82
-22
122
-54
108
-24
-13
52
-92
25
73
-36
43
-19
-80
-65
-8
44
25
11
-64
18
49
39
-7
31
69
-68
66
33
112
-73
-32
26
-2
-76
19
-42
9
-13
-56
-57
-79
105
43
127
33
89
115
-122
13
49
-2
-3
-43
-27
60
47
-44
79
22
8
51
-17
-33
-74
112
-40
-36
100
-108
-43
31
5
53
108
-15
65
33
-72
-77
75
-89
-69
-115
-28
49
-15
-100
-80
-18
26
56
-20
79
-21
-83
-80
53
-111
-100
-58
69
-7
78
-60
-35
-35
-28
38
-99
-81
-93
-67
56
-90
4
54
37
-77
2
107
9
-55
53
5
49
62
89
36
17
-21
-40
-5
106
-50
51
55
-42
37
-24
67
47
71
-44
-5
34
19
35
56
-63
3
-28
51
21
-32
48
5
-6
48
37
82
-93
116
-100
57
41
14
-59
-31
-115
-37
127
-84
55
27
-28
43
-17
16
126
-123
-28
127
49
-102
52
95
9
115
23
99
-31
65
-53
-78
19
-25
47
-13
-37
63
-56
-21
17
31
-103
44
10
94
5
60
-62
-93
-49
-127
24
88
-103
35
71
-28
30
-9
-10
12
31
-37
32
23
-56
-35
51
-97
-55
-65
-24
85
-77
45
-21
-79
-20
55
104
19
30
76
-25
-7
-35
-58
69
69
57
-65
-21
65
11
-86
44
-61
-100
-43
11
-63
84
23
-20
4
-39
-29
41
8
24
-32
-24
-100
3
-16
-102
-49
36
-9
5
-15
42
-15
-81
8
119
-66
-61
-65
22
42
64
-112
-45
56
41
57
91
122
-67
59
99
54
127
100
23
-22
-9
119
57
-75
42
18
-12
56
-6
-42
14
15
67
64
-65
89
53
-49
-127
123
-37
52
33
1
-108
-122
-92
-117
95
-10
19
77
-96
-42
-57
-29
-44
33
-58
-59
-23
-56
-89
84
95
101
-71
17
-87
-28
-45
-6
6
-26
-28
15
14
-106
109
48
88
14
-7
-15
107
-27
108
108
-57
-15
-31
-26
111
-35
-47
23
92
120
-103
-8
18
99
-11
-49
-4
-52
0
-34
53
109
13
-62
-57
-28
-86
-66
-27
-37
81
106
-19
-127
-6
5
24
-89
69
121
-13
-33
14
91
75
-39
-90
18
-19
-71
-23
69
67
-49
-21
-37
18
-81
-67
-22
90
-68
17
97
-45
75
43
12
52
-74
65
-27
13
-103
15
1
74
-22
36
-7
18
36
90
-69
15
24
64
40
31
12
-28
0
28
80
69
-26
-63
-97
-68
-38
-36
121
-40
-80
86
23
36
-78
25
95
-86
-15
56
95
25
-50
-32
-50
90
-47
17
-54
-10
20
15
-39
-44
-48
-5
45
7
-124
55
-9
55
15
85
-41
-28
72
93
-29
-21
-42
65
75
30
-124
60
77
76
86
37
-54
100
51
-100
-102
55
89
89
-22
73
23
25
-35
70
116
24
-48
-88
-74
-37
106
95
-51
54
-21
-15
-70
8
-21
-58
127
52
69
-15
-124
-127
-45
-92
-21
82
77
-85
84
-94
-52
-27
87
16
-50
63
59
75
-8
-93
91
61
-25
-91
-21
-25
127
13
32
-37
33
-9
2
-86
77
33
79
-89
123
-84
-45
-55
-1
67
97
55
-8
-47
-78
46
2
87
-74
22
-71
47
50
45
14
-75
26
-26
-39
14
37
-38
50
127
-22
45
46
-80
-23
-84
-42
23
84
-1
77
-37
73
-3
34
-64
5
28
68
44
53
6
-27
41
-85
48
-53
85
56
58
-44
-11
11
1
47
-1
33
19
67
5
-11
58
1
47
31
-62
11
-46
90
-90
31
39
-75
80
-115
25
-7
-2
65
-40
-23
64
22
57
-79
40
-15
77
-28
5
-98
53
-43
53
-13
1
52
43
5
10
4
-37
104
3
-69
-37
5
118
49
-71
5
-93
93
-58
98
-8
62
-70
49
-30
77
127
-58
-65
-109
-108
-33
31
59
81
-73
42
61
13
-25
-79
17
47
-12
-20
89
-78
-121
85
127
-30
-5
-91
-17
-17
87
18
43
66
-11
19
24
-85
89
-22
29
11
16
29
-45
114
41
-71
23
105
-65
-11
93
23
-3
-35
1
44
29
11
35
64
67
-22
9
50
76
-24
86
-14
-49
-44
79
-25
104
27
-8
22
-33
48
38
-99
74
0
-38
-61
30
46
15
23
-103
20
-115
-60
114
34
26
-31
-11
66
29
-114
-63
-51
-39
-19
-71
26
6
-81
39
-127
13
80
9
-96
-57
-20
37
127
28
-18
32
110
15
75
-61
-98
-91
-97
21
-59
100
-32
-41
54
-2
-47
122
-117
-83
-63
58
14
-20
81
12
-39
-32
31
39
-75
-96
-82
-36
-43
120
-4
-18
4
-25
-85
-35
-43
1
-18
-127
-56
-12
23
-71
69
-26
-30
-7
-3
-41
10
71
-108
-46
2
34
32
-23
40
-51
100
32
7
66
-26
4
-65
40
-38
-58
43
-15
4
-50
103
29
-21
-83
-1
13
-35
23
-107
-35
-45
103
-14
34
-5
38
-64
-61
32
-4
30
92
30
91
-89
-54
5
-5
-65
-2
-33
98
34
-70
-84
-59
74
35
-15
-8
-6
-92
-78
8
-58
-19
61
74
22
-53
36
44
55
-111
-85
-44
30
-67
14
-25
31
75
69
-18
64
98
-64
41
-25
12
88
-7
-3
-39
64
-9
3
-10
-105
-5
-65
-2
-116
-90
-50
-71
-75
-83
-14
28
6
63
78
69
-127
-56
-29
111
77
61
35
-92
89
127
20
48
-17
-70
73
83
60
45
79
-13
72
40
-25
63
39
-83
-71
55
-87
-31
56
-87
-26
-63
-66
127
50
-90
-63
10
-46
-61
96
5
-29
90
-13
49
-53
118
-41
55
-14
-54
-60
6
25
-37
-46
-1
-49
-105
22
-59
-52
49
84
-74
125
-53
-3
5
1
0
21
101
31
6
0
47
95
-27
-72
-5
1
75
-17
-18
-25
-103
-67
20
-58
-58
-46
-55
-48
-90
-82
86
-45
-71
38
67
-99
94
-70
51
58
10
-122
-25
59
-18
-17
-17
-116
65
-40
-103
119
88
-29
62
47
-6
-23
-63
99
7
21
-14
-78
-29
-86
-77
15
-118
-89
44
94
31
41
74
62
81
34
-120
-6
77
20
76
67
-9
127
70
17
22
50
65
-43
91
-51
-126
75
-118
80
-4
-69
89
-23
85
65
121
91
85
-26
77
-16
-72
-50
36
67
38
1
-31
-25
-99
-66
11
-22
28
-65
-63
-65
71
55
-42
125
88
82
-21
55
-96
48
21
5
-52
-55
-11
103
85
64
-36
31
-90
-8
-37
19
-60
53
-59
-88
13
30
81
-11
32
-76
11
127
107
44
-108
36
-52
-62
52
-55
33
-48
-49
-11
-56
22
-38
101
49
10
102
31
33
-80
17
-25
10
-50
77
-65
107
-76
66
64
91
115
-26
61
-105
51
-127
-23
-68
-58
98
-8
44
-42
-29
-94
-59
-36
-80
-34
-11
-14
-11
66
19
7
103
-57
3
-36
-3
-56
33
-38
23
-117
-47
-111
39
104
30
106
-73
5
-29
-65
24
37
60
120
47
39
56
-28
86
-63
75
1
-9
-59
54
9
-10
27
9
39
80
54
110
11
-63
19
-9
-16
-16
5
-57
-36
76
63
-8
103
65
-30
-31
42
10
112
-70
-22
-18
117
-93
-74
-70
-112
-59
6
-33
-50
30
-13
-98
78
-43
-62
17
119
-101
-127
26
-56
75
51
28
70
-114
-26
77
-71
7
82
18
27
-22
-37
21
1
80
77
-26
-8
127
42
-75
30
40
39
-52
24
-118
110
35
79
-50
-84
-7
111
33
92
78
79
-95
11
39
75
-104
4
-4
124
-118
42
-4
99
-107
48
56
-34
14
-17
-92
-30
-43
3
11
40
53
55
39
-12
-65
-113
-109
85
-59
45
103
-25
21
0
-60
25
72
26
86
-31
22
89
-86
-49
-89
85
-1
28
91
-61
-49
-57
52
32
41
-36
5
89
-48
0
13
-50
-54
76
-18
-64
34
14
13
73
81
110
3
7
-7
-51
-3
49
31
-14
47
40
-97
-34
67
69
1
107
-29
-56
110
-6
-86
-15
-41
-77
78
-95
-98
18
102
22
-58
-93
78
64
-27
6
-68
-106
59
16
-18
30
-60
-14
51
-125
-77
-109
6
74
73
-13
33
-123
108
-65
-127
-102
27
118
66
-44
66
-57
-12
16
11
-15
-9
-111
14
61
5
44
17
19
-118
-61
-7
15
56
-40
-101
-124
-18
-67
28
40
-20
-7
-57
65
67
-54
-114
-101
119
122
-92
110
-47
127
79
37
-3
-117
-4
45
-7
-34
-102
-23
-80
-101
89
-21
-122
-81
-26
101
-60
-7
-65
72
-35
62
48
-57
13
-109
-82
-83
-16
88
-60
93
62
69
0
-27
12
50
-88
-13
72
106
33
-56
-124
25
-45
-7
19
50
39
-12
4
86
33
70
52
-117
91
-67
82
31
94
50
60
20
-66
-72
13
-119
74
-94
48
116
-68
-59
80
-30
-114
0
86
-12
-87
-4
38
-48
-35
44
-74
58
-127
127
43
8
47
47
29
-12
103
29
32
-39
-74
45
43
44
-97
-105
37
-112
1
111
1
35
115
-110
96
-110
68
18
-81
106
29
109
-20
69
40
89
-65
51
-67
47
-79
-74
-76
-37
-81
-26
-82
-13
25
74
-21
-10
60
-104
-52
8
48
87
9
6
119
-13
83
49
-40
100
37
-54
68
-28
52
-111
18
-46
66
-64
69
-99
76
35
-49
28
75
-94
6
-45
-2
75
25
-54
61
68
48
-127
-65
35
13
102
32
-46
115
82
55
21
62
-37
-127
92
-68
4
-83
27
-17
-6
-22
-10
-3
-65
49
56
23
-95
107
-4
-48
-21
-104
7
69
67
118
24
44
-58
-34
127
27
119
-10
-10
-58
12
-56
67
28
-57
99
98
18
-81
47
-69
56
118
1
-21
-4
-38
-105
-92
89
26
-35
-92
-55
42
-72
61
1
126
-119
-85
-51
-53
56
87
52
39
-42
101
-114
55
-88
-92
65
-25
-106
-118
-38
-79
60
-18
-62
-13
96
-109
-4
-16
-87
59
-68
-16
-75
-49
108
-100
29
19
105
18
-13
-24
43
-11
-22
21
-55
-85
-41
-88
108
-17
24
35
65
-6
-111
58
-47
40
-68
4
-33
55
55
2
60
111
49
-28
65
33
72
-82
69
5
-28
18
-127
-86
-46
32
-88
26
-14
-43
52
-32
-86
-64
-55
29
-63
102
33
33
65
57
82
-21
-67
-89
-1
-53
-121
-86
-96
86
4
-45
-56
16
47
9
-105
-69
64
-87
-127
62
85
62
-46
-36
76
-46
-105
49
117
43
-46
75
52
-94
98
65
92
127
-2
-18
104
-64
70
-73
6
122
-33
-35
62
62
5
-73
-2
95
8
-25
-100
17
-19
-49
60
-43
10
35
-38
-5
-42
115
33
124
-81
77
-116
-79
17
23
-127
-5
36
-63
-75
50
-1
-2
-94
28
59
71
74
-55
-54
-89
43
-99
-79
-30
-59
31
18
-75
114
-49
7
-56
78
-61
-83
-82
69
56
99
-84
-62
104
-18
52
-109
-63
-45
-24
-53
-34
-90
0
85
-63
-2
108
-100
-53
-76
-38
-107
-90
36
10
16
71
-51
-64
27
51
-28
91
37
49
64
127
45
-25
-29
-15
-27
42
-2
-54
-52
-82
-66
75
11
-89
-26
87
92
-84
-80
36
-63
1
-93
46
-119
-50
-92
54
-32
104
-77
47
9
8
3
42
86
-63
63
-29
13
-42
62
51
112
117
-24
90
-7
70
-74
-44
9
-80
-13
-52
-56
124
115
-35
-81
2
17
-38
-69
-85
103
5
103
76
76
13
-87
-114
93
99
-70
-74
-13
-7
-1
37
-23
84
-72
27
-47
-91
49
88
-6
32
-110
70
43
73
124
58
-44
39
118
23
-105
31
91
56
-81
-50
86
-50
-20
105
82
98
-42
22
12
119
46
-77
-3
46
24
16
-30
-8
-29
72
107
42
61
4
-10
-47
-29
-82
-85
-78
-122
-93
18
36
-38
2
75
-55
21
39
16
-80
89
-8
111
19
20
-71
15
-23
-15
-38
21
75
69
-29
-78
-88
107
56
12
-125
-80
26
54
36
-9
-4
-54
-34
127
93
-51
52
83
-49
-46
35
20
-45
-84
-44
47
63
-33
-85
14
83
-73
44
-12
-57
-15
-35
-59
-72
-9
127
44
61
-51
-31
-11
-6
-32
113
111
-76
-12
51
14
-121
15
-55
-60
-98
90
-45
94
-3
5
107
-72
-31
95
83
-33
20
-35
-74
61
-63
28
-6
18
-102
49
13
35
41
29
-7
14
123
-87
-101
-80
54
47
-55
109
12
-7
9
-2
97
-34
38
72
-43
-90
-36
68
3
-50
91
11
-83
-59
62
85
-56
-69
-56
-1
31
-27
72
85
-71
-58
0
96
-127
-52
-12
79
84
109
-78
27
-76
67
124
44
37
98
108
9
21
40
-50
9
83
-106
-12
-25
127
89
-97
61
60
30
-17
-58
82
40
-75
49
48
-41
27
7
-66
3
-63
-17
20
67
-26
-5
-38
-17
117
-43
-104
20
6
-66
-28
-42
-112
-39
-39
79
-28
-57
13
-53
-120
-81
-23
55
-73
108
-50
-66
22
-7
45
-3
5
93
-91
127
3
82
-70
-51
-45
100
-23
104
36
84
28
48
-50
23
27
-86
-17
-127
-120
43
-73
62
72
-65
-74
28
117
-79
-69
-37
79
85
59
-74
65
98
-6
-58
29
-66
-89
-84
-16
-61
-53
-52
2
60
1
-53
-5
109
75
-14
101
50
-63
-62
-100
29
2
-26
-54
-51
90
-2
-90
56
93
55
20
-44
63
20
37
-31
39
-16
-37
-77
62
59
29
100
-70
73
96
91
-112
42
-45
-75
-73
-1
125
38
90
114
-17
56
76
49
124
-6
111
9
2
-82
-34
-115
42
31
-55
17
-46
-66
-77
32
107
98
29
62
1
-64
53
-12
103
-78
70
29
77
-127
44
87
75
-6
-51
-50
-51
-69
-117
14
-119
-49
-31
23
107
1
40
45
-71
-79
-3
15
30
-69
-54
81
82
-37
-28
-48
-47
60
-42
13
62
114
26
-89
-55
-20
-98
49
-100
1
-4
-12
-46
-5
44
-34
-40
83
-66
109
59
39
-34
58
-76
-31
-102
-52
-37
-38
9
-21
-2
-18
40
87
67
-12
-63
75
-43
-67
76
-26
63
73
-72
75
116
-39
70
-54
11
-87
8
38
-28
-16
-53
-8
65
-33
33
-80
38
67
87
44
49
-83
-53
-26
-127
-35
2
103
-21
82
127
43
-66
102
62
-69
-71
103
17
22
-6
16
84
113
46
-38
100
-122
98
91
86
8
107
22
23
25
94
-14
19
-13
57
-87
38
-85
127
-8
-36
87
39
-51
42
-5
45
-118
3
83
102
105
-57
79
54
17
25
-79
-30
-29
58
111
91
-36
71
-34
32
94
22
58
81
103
24
69
-67
69
18
60
-123
-92
-39
39
-61
-21
-106
18
-29
-59
111
6
-77
28
69
-55
-18
68
30
38
37
-45
-78
115
52
-33
-5
-30
-46
-88
28
-102
25
60
45
-62
-65
11
127
-53
27
114
-49
26
-35
-45
-108
-127
-90
49
-95
-56
113
110
46
-27
-66
-112
44
-44
43
26
23
-64
-37
5
-27
62
49
91
12
60
-76
-123
-16
47
-27
5
-34
16
34
33
9
25
90
56
3
47
18
-100
1
101
46
86
-55
5
42
82
-47
67
-60
-41
-24
-15
-3
-65
-78
-42
-77
29
-8
43
-25
-15
-23
17
-22
-30
-31
-79
-43
-58
29
-70
64
123
54
-67
-30
83
9
125
9
10
-40
-5
-92
-24
-9
91
-73
-41
-62
-86
13
105
56
68
-13
41
69
104
-15
52
45
63
79
1
-22
-99
-48
-80
77
122
-9
-9
39
-56
34
107
-9
-98
-67
-38
82
-36
10
87
-28
74
93
-39
-90
-66
-14
88
108
32
-40
97
59
-4
97
-52
50
69
51
127
25
22
-54
-27
43
-31
37
-57
-46
71
-45
-77
56
-92
-17
-115
0
79
-63
-78
-89
52
120
-59
101
-51
-10
-33
-20
-20
102
-76
-42
-66
66
2
25
23
-121
-89
-11
-102
-106
-12
-90
-36
67
-38
74
68
-26
-70
-23
-110
72
-82
53
69
-1
71
-13
61
26
107
-101
-32
37
-52
-67
67
70
-65
-1
-38
116
91
-5
-61
12
14
65
-48
112
-3
16
56
-107
85
72
-92
-127
-29
92
70
-87
57
-33
-90
76
16
-37
26
-75
37
37
115
28
35
-62
123
51
-16
-50
60
-88
-58
9
-72
-71
-25
47
93
-18
-99
-38
127
-33
0
127
-68
-46
106
51
42
-25
5
5
-50
27
-1
-3
97
-45
-34
114
30
-48
-8
46
-62
-120
-85
-81
-85
32
-19
-41
-61
-75
-53
-69
13
86
92
95
56
4
-84
93
-20
26
7
54
93
-42
-5
27
-20
-72
87
-68
-40
77
-127
106
0
83
100
17
-115
-89
75
32
126
37
-47
18
28
-8
-18
-22
15
-77
110
85
74
7
37
34
88
-20
5
85
-34
-65
93
-64
-61
-87
21
-111
-19
22
75
-47
-48
110
75
-14
39
10
8
-87
-80
-115
1
-83
29
13
-44
20
-17
-113
-75
118
-113
5
-44
76
36
92
31
89
11
73
-79
95
-16
-13
-52
-27
-88
-43
45
-45
71
-93
77
-44
-17
9
23
-14
37
-76
17
59
24
77
53
-49
92
-9
-102
-110
97
-31
86
-111
76
-49
54
-39
-56
47
-11
29
122
-74
-59
58
84
92
-50
31
-80
-86
0
-24
-98
-48
52
127
-127
-13
-40
-14
-65
122
1
-118
-67
-31
73
84
-56
27
-68
125
-66
3
-32
-36
91
-116
78
-60
-43
13
-22
-23
3
68
60
-34
43
43
16
45
12
-42
126
-4
-1
-88
-78
4
-26
-61
-60
33
47
57
-41
43
-55
27
-27
-15
14
-22
-19
-79
52
81
-5
-9
99
-89
-4
41
-19
13
19
8
83
26
-52
-69
10
-13
-6
24
-52
62
-5
89
101
-121
51
-7
18
127
58
-2
60
57
-71
12
-75
-85
-47
115
-6
-29
-52
-84
-93
-118
-24
26
-96
-84
-33
43
20
68
-123
33
76
28
27
51
96
-80
-73
61
-67
73
-91
-117
96
-38
46
-57
1
44
81
-27
73
-32
-20
-43
26
21
-6
-124
-13
-25
-6
70
-75
99
14
-123
66
30
-27
4
-9
-97
-8
-85
-58
13
-45
65
-44
-42
-71
57
-73
66
127
-4
-34
-69
14
-33
-8
-47
40
-9
48
63
-61
-30
-41
10
32
15
-84
76
-104
-8
60
-10
-14
-79
91
72
-36
-65
32
57
64
6
92
69
24
-35
-43
-66
50
64
-75
53
45
-51
32
4
-67
110
-55
-16
-44
32
-120
28
-55
-46
81
84
97
47
-25
29
54
-40
61
83
-30
4
104
5
58
117
88
-26
-36
75
-8
52
26
-84
113
95
-2
-63
47
63
-20
48
3
14
-68
94
124
-24
71
48
-57
-21
-7
-33
29
-3
-101
-96
32
-13
0
35
78
41
-57
-13
40
84
92
101
77
10
-127
83
10
58
1
100
56
27
8
-12
-20
13
-96
62
-102
-13
-16
-51
-111
-88
-62
76
22
-89
-70
38
-11
24
-65
71
-78
-98
1
-29
20
-85
74
100
-109
25
-42
-1
-35
13
54
-20
-34
102
52
-92
54
78
-47
73
-74
109
-97
88
-52
-34
15
27
-1
67
17
72
-18
33
-115
-27
79
-74
77
-63
15
-103
-65
-55
-19
45
27
113
-9
-13
70
77
-49
-39
-95
-17
-5
-8
41
126
127
39
24
90
-115
-13
-82
-65
-17
-38
47
-83
89
41
34
86
-110
-35
-56
61
-54
-87
-45
127
-27
23
-36
-27
-98
-26
-31
3
-9
3
60
-47
-35
44
-59
-57
116
-94
24
-2
3
18
24
-106
26
25
-33
51
10
-79
-107
-18
-57
127
64
94
-52
56
-64
113
89
8
-104
-53
50
100
-22
-79
104
41
99
-46
126
-45
-55
51
96
32
81
-67
47
-31
-40
-83
49
-53
108
81
-30
-9
-48
2
95
57
119
26
66
64
-109
-60
40
100
-125
28
-59
-12
-96
39
-11
-56
-98
-92
-35
41
-61
-86
-11
-54
55
-55
-80
108
23
125
-78
-83
-19
122
55
-53
-40
82
-105
54
37
-60
36
-92
32
11
2
-120
7
-51
42
42
-101
53
73
-16
53
-23
-90
127
94
-65
-44
-45
-103
-41
-64
-46
-82
-94
1
-35
22
7
-115
33
-111
-15
-102
51
-42
-93
-40
93
117
64
48
67
-34
-127
58
37
13
-53
-54
-89
94
12
-9
-46
-25
-44
-114
-94
-10
41
46
-3
-45
-22
23
23
34
77
-16
-22
-127
94
7
-29
-14
-8
-39
-34
60
-76
-72
-46
72
-42
86
-93
68
24
-64
62
-87
52
66
30
-87
106
-63
55
-83
-85
50
-63
84
-9
-65
-50
9
-46
-103
-45
22
-113
37
-89
51
11
-71
50
-69
120
5
21
31
-37
34
32
59
28
115
28
-74
-95
-82
-76
-44
-56
-119
72
-96
-49
-76
-108
45
65
58
3
66
-32
-97
-102
-48
78
-54
-4
-88
123
36
-35
-74
111
-48
25
78
-106
3
29
-93
-45
-50
8
59
-56
-15
-9
5
-120
-62
-81
-47
-107
-127
35
-83
24
-95
-18
66
-42
25
24
-31
-96
-74
-38
18
-67
106
-14
67
75
-50
77
-24
-38
-124
65
-67
-90
10
116
-88
103
74
-20
29
-77
98
-15
95
-31
16
14
70
57
38
54
-32
14
127
85
-56
-127
-15
-17
-70
28
-63
-71
-4
74
-26
107
53
-42
-112
80
-32
86
41
79
60
3
20
-50
-61
86
-108
93
81
92
66
67
-69
-35
119
55
-21
47
45
54
59
-68
-97
-114
98
-114
-116
123
-127
79
6
52
-101
-53
-62
55
94
6
-12
80
-5
-10
34
7
21
15
-104
-25
54
89
-36
22
90
2
21
-7
-99
-71
-63
66
-39
-9
1
-31
-78
-127
82
53
-64
-28
-69
-106
75
-18
-71
-93
65
-33
15
34
17
117
36
54
-22
70
-60
57
-28
-66
-87
-2
6
-62
-49
-9
24
29
14
-16
66
18
-60
-105
9
94
-65
20
21
-53
68
-69
35
34
-5
-11
1
53
6
-65
-2
105
-115
-67
54
90
-7
88
-29
17
34
13
-5
19
-97
48
-41
23
24
24
-82
-78
72
52
-38
-73
-99
86
-92
85
68
-15
13
28
-93
57
91
-75
-32
124
75
118
-87
-5
1
-8
16
124
-13
-1
-3
-85
-47
-43
40
-127
4
-46
-50
16
-14
-26
111
-97
-33
-33
-14
-76
-103
83
-114
-65
53
3
-71
41
52
-24
101
20
-112
-7
4
11
-77
-64
-51
72
-92
-102
-127
-62
95
-52
-31
57
-127
-66
-69
-60
-61
-48
-93
8
30
72
66
-96
-34
-64
89
121
20
68
57
104
67
109
10
27
-34
-11
60
32
-58
-101
69
-71
64
-49
13
-49
-62
-32
56
-114
-40
-52
-69
80
-106
-98
-36
-19
-48
-37
-74
16
-68
40
6
81
113
-120
-41
-78
70
-78
-48
-113
63
34
-73
3
-92
-46
32
37
-60
-49
-37
-62
-48
2
-55
-127
9
33
-74
-100
-22
34
-109
-18
96
-25
22
106
65
17
48
-82
88
62
43
-65
-7
109
-23
-54
72
-68
7
29
-84
73
-57
-34
121
-35
-88
50
70
72
-71
27
-56
79
-98
45
72
-98
-5
-72
19
-55
-49
35
15
-2
27
59
-30
-66
115
-34
-94
-88
-38
59
63
-1
-4
36
4
-64
-30
-80
-67
-6
0
-124
-91
-78
98
-14
-41
-112
-24
-95
-82
123
73
-5
-14
106
78
68
104
-115
-72
-18
100
127
-26
93
-13
-12
102
-123
98
66
-79
-79
-62
54
-68
42
-41
-6
41
38
44
-40
-23
-74
62
75
-72
-83
-16
-28
-38
-79
9
-8
-68
60
77
-37
-91
90
58
-51
81
-54
0
-57
-73
-51
46
-85
-6
-48
-12
-28
-10
-67
-11
127
90
59
13
32
-76
90
11
85
-82
23
114
-29
92
-12
-61
92
-34
-55
76
23
98
11
-27
34
-97
-46
-21
-15
63
63
0
44
-70
6
-127
-40
-127
119
74
-35
-76
73
48
62
40
70
-106
-30
57
-127
-17
-72
-12
-60
35
46
41
-48
45
-8
-47
-13
47
49
-23
2
81
58
30
127
-38
19
50
-106
-91
-15
69
51
-80
-100
-42
-30
70
71
-48
35
82
-11
102
19
-21
-41
-63
39
-60
-45
-67
16
-33
18
-22
-18
-38
-4
16
27
-44
105
-77
-43
96
-95
-77
40
-66
-88
1
76
69
12
2
-89
18
-30
-7
34
54
-94
37
-69
79
45
29
-100
5
51
-31
58
27
-119
4
99
-7
68
-67
88
95
0
-18
31
-10
36
-75
-18
-52
-58
74
38
-54
40
42
-41
-25
34
71
51
-15
-71
-25
87
68
-20
-30
72
74
-42
52
-36
40
-100
82
-114
-16
-89
108
-99
111
89
17
-101
41
-95
-22
-90
65
-30
-98
-108
91
32
35
-24
46
-12
72
4
49
113
100
94
-114
-88
-91
-33
-32
65
-7
-107
-32
-88
-101
94
19
-49
9
-19
-38
100
11
-69
32
64
70
36
0
-62
-12
6
86
-76
27
-102
33
-39
-71
-15
58
-78
4
-28
-29
49
36
26
-14
-71
-19
-64
110
81
-59
-52
-30
-34
-8
36
-29
104
-83
-69
-19
101
-17
-36
75
99
87
31
66
40
-16
-3
7
-14
37
38
10
50
56
-24
10
-99
-40
72
127
-114
-65
32
52
-49
46
-104
-19
-55
80
-55
22
18
66
-40
-70
-27
-56
76
15
-20
82
43
-49
-26
8
-122
-1
-31
119
53
91
-54
-20
10
15
-119
72
-59
5
105
-33
-70
45
-127
41
-76
13
-3
76
-127
-115
-13
40
114
-43
-105
35
-45
74
-83
-50
-10
31
-37
42
-59
101
-24
9
-106
42
103
-34
82
-45
44
-20
-15
-90
34
49
-10
-5
-72
43
-46
54
-63
-38
-44
-54
33
-57
84
59
-79
38
-15
52
-95
-104
-118
71
-47
-46
-26
22
-63
-4
-25
14
90
-31
21
-36
7
-7
-45
-4
98
-10
-72
-116
66
30
16
77
33
-53
-26
-12
-54
-81
-6
50
66
120
-121
43
-8
17
-47
-57
37
-78
62
-13
34
-35
21
-56
-53
-127
100
8
83
-8
92
66
-6
-72
20
72
9
-123
56
-40
-11
75
-51
11
-35
-78
55
-47
101
-113
41
-20
-35
30
-69
-113
-26
-30
54
80
122
82
0
-84
64
97
-71
-12
73
51
16
-39
61
-91
-83
-36
10
-20
-112
93
-6
24
-47
54
-73
-107
72
39
24
25
-39
54
-101
-14
-30
-38
-82
-2
-62
-45
-38
80
45
-24
17
-19
78
64
57
-63
25
39
-43
-99
-114
-85
54
-38
-17
-18
-41
-75
36
22
-21
-42
-107
-61
4
35
57
-37
-41
22
-36
37
78
-76
7
-43
33
-49
-12
-85
101
50
5
81
12
-87
-88
-75
62
106
10
-105
-62
59
-30
-13
29
-40
23
-83
-42
-34
-32
104
110
-40
10
-38
75
-83
66
-47
-58
46
120
8
49
-46
-69
-15
51
76
-32
20
-48
-54
6
37
24
50
110
115
26
51
-34
-65
-3
15
-36
62
38
23
-40
-114
-75
38
-44
57
-89
91
-108
-75
-72
106
-55
-18
-3
-63
25
-84
-9
-41
-2
51
-46
-12
-127
15
-59
-48
-19
14
83
14
-21
79
-45
-28
26
-67
64
-51
60
-87
62
-23
89
45
-55
69
31
48
-21
115
101
21
41
-23
103
-15
39
58
4
-55
-25
-34
-93
57
-87
-41
29
-23
49
-127
85
-107
-25
78
19
44
65
-121
-10
-2
90
27
-44
-69
-15
-113
79
-74
104
85
32
-49
-37
-113
86
-48
-17
37
49
-4
38
-98
-62
-13
119
50
-69
78
115
93
89
-65
127
121
-76
127
33
27
-58
-97
-120
92
-27
-95
62
56
4
-41
94
57
-88
49
-49
-103
59
-80
-84
95
-65
-39
46
-52
-25
83
45
-44
-64
12
-12
62
-70
-53
-45
64
56
-110
25
86
-26
-58
38
-127
-127
-93
78
56
-11
69
-116
82
12
5
-34
-54
91
-36
103
8
64
115
93
102
91
-43
-56
38
4
-14
-48
30
-18
-9
86
-50
-49
-38
67
-118
-46
-74
-110
36
-51
71
57
89
23
-8
7
71
65
-6
81
19
-37
80
-49
18
-25
41
-69
70
83
127
107
23
64
9
-47
94
77
77
-93
121
-12
-13
64
-62
-28
-111
-6
-7
-72
22
58
-11
-66
7
-41
42
-42
-88
74
-10
-18
-68
6
-59
26
4
-11
-9
9
20
95
15
-45
111
18
55
100
63
-73
-43
-114
-87
-13
-113
121
9
27
73
-21
106
-67
-45
-19
53
-32
59
-121
56
86
88
-60
84
-77
8
67
105
31
11
-65
13
53
33
-87
-80
28
67
61
-21
-25
73
13
29
39
-45
11
31
125
-96
48
6
-9
-9
-77
98
-6
-79
3
-4
103
-125
-97
27
26
-45
83
-65
105
-107
43
49
-127
-118
36
-91
-59
10
72
81
-96
1
104
61
-64
84
-7
-57
91
76
-84
127
-38
-27
52
-38
-66
61
-4
65
-40
44
116
86
61
13
-12
-24
-81
90
-78
-26
-51
16
-29
2
-48
-31
-106
73
-47
-102
-72
-4
-2
-15
-126
-75
-58
-32
-103
-5
37
-90
-46
38
127
-4
69
-22
108
45
41
-28
-79
-69
24
-28
56
-19
-121
16
-80
-5
74
-10
58
-63
77
-97
-42
40
104
78
-15
-6
-122
50
56
39
-60
71
-7
80
-36
-95
-80
72
117
21
35
73
82
91
-49
-21
-4
-106
-65
112
99
89
-90
27
14
-48
-28
-104
-20
41
-14
117
68
7
-76
58
-63
2
-31
-9
22
-57
16
81
45
-9
86
-21
117
-32
103
85
-111
83
25
-46
-9
-47
63
5
-34
58
-14
-38
94
-92
-4
-8
62
6
79
45
31
-55
79
78
13
61
2
76
-84
12
65
-78
32
55
82
126
-35
27
38
-99
77
-12
-54
-61
3
0
0
8
3
-61
6
99
-28
-25
-1
14
59
-28
-14
-60
-65
-82
73
-62
68
81
-22
70
3
-83
-12
62
-88
-6
96
-13
67
2
-81
-56
-16
-12
104
-16
-22
7
-38
107
12
27
38
79
-19
-35
-33
-69
-51
-53
-106
-4
79
60
108
-95
127
-9
15
39
-41
-59
-82
-43
62
-87
-21
-96
-92
53
-40
1
-13
-127
22
-41
-126
-2
44
-71
64
77
24
-116
-75
-85
50
-127
-12
52
-74
23
23
46
-83
46
-110
44
-22
74
-87
67
-52
34
-105
81
15
54
-37
-114
-80
100
-108
-63
89
37
-103
9
7
70
96
-14
-22
79
-47
-2
90
-78
36
68
-47
-13
-42
19
-56
-67
59
86
-79
57
-70
-71
69
-6
-72
-49
82
-89
-4
-76
36
105
-96
49
-51
79
-55
-95
56
-24
-122
97
-98
-73
104
66
10
-57
120
53
13
-127
-39
6
-50
-56
54
-61
-66
92
-67
32
-56
1
44
-110
-57
79
-86
-65
-13
69
64
-62
-4
72
-41
-48
12
49
-24
-104
-32
-81
-13
22
48
76
-101
-74
-84
-119
36
96
52
17
-38
-10
-66
34
35
-28
-20
101
105
-21
11
-84
26
104
5
6
-44
60
100
-19
-12
106
67
-87
-76
-26
-79
1
-82
14
67
-16
-95
-7
9
91
5
51
25
-74
-78
37
7
12
-79
91
127
75
-67
87
48
-69
-82
-110
21
96
3
-24
-85
-45
1
33
70
95
48
27
-106
-19
41
-108
46
68
-1
88
-16
-70
33
-27
64
6
-127
58
65
-47
40
-3
-95
62
21
-78
-17
-73
39
38
-44
-72
-106
51
-111
-10
-14
104
103
-80
-90
127
-43
78
-78
-68
-33
-47
-51
3
-2
-62
1
-69
53
-1
12
48
41
20
-92
-77
48
-42
-79
85
41
46
29
-48
10
-62
-100
116
82
-9
2
80
-97
72
106
-32
-14
30
-50
23
-2
53
-25
78
-33
3
85
-5
-64
27
39
-65
10
127
61
-64
-72
-71
73
1
-10
-40
-122
105
126
-90
67
-23
-78
28
11
-26
58
34
-3
28
14
-126
31
110
38
-71
-89
-8
37
-80
-13
43
12
-43
29
67
11
-4
-48
-6
-30
7
29
-39
72
15
64
-72
55
-102
24
-13
48
66
43
-78
-12
-53
-85
-3
-46
30
49
-68
-98
-29
-3
-13
62
20
-30
-78
7
105
-42
19
92
-88
-15
93
103
-26
-10
-25
9
80
-48
-70
78
75
-90
-29
-43
-57
-4
61
-96
91
72
49
53
65
-7
-113
-13
4
23
23
127
30
-22
25
123
30
-114
-90
-29
114
-123
-28
-11
-15
48
51
17
14
106
94
-110
-28
127
5
62
-74
-97
-57
47
-57
-63
37
-12
-74
-3
13
-22
-98
73
26
99
0
-68
-3
-89
-68
-41
55
31
47
60
-61
-1
-5
-100
-71
-111
72
99
-100
22
-31
-42
-20
-29
78
-51
-40
-74
-22
-8
-127
-34
-24
-43
63
77
84
-81
106
21
44
92
25
-38
-79
-56
-41
-9
76
7
-9
-16
-61
25
-63
31
62
90
-90
-3
-114
112
7
-53
-69
89
-68
57
57
20
105
-51
59
95
73
43
-30
-86
-45
55
58
-105
5
72
-56
-5
-31
81
-6
77
-7
82
36
127
35
97
11
32
92
66
71
13
9
16
3
-49
19
64
-98
-3
25
69
15
16
87
-100
52
-26
-11
8
-13
-115
22
83
42
-21
-55
-24
31
-111
75
3
31
-14
-6
-30
82
106
-2
48
-20
-71
56
106
68
-13
-20
-9
-104
-31
1
-86
-50
78
-48
37
60
-76
20
25
48
72
-56
-60
78
-23
-109
112
-85
-61
-17
24
89
-60
-8
47
-42
-108
-21
41
108
57
-83
-39
28
10
92
63
42
-103
106
-78
-60
85
-127
66
-46
50
-21
85
91
114
-90
32
127
73
102
-38
63
-11
-33
-50
-3
-49
75
-66
-60
-88
-55
-21
-29
-45
-20
27
-105
-92
25
-116
-1
15
36
66
68
92
-25
-7
-16
41
65
-15
-17
36
-22
-28
-6
-84
-54
91
-69
-17
78
-26
-5
4
-65
-40
-71
-24
-41
-93
-8
-97
80
-78
32
-38
-22
-114
76
32
41
-35
26
101
-123
91
-97
46
-46
-29
-122
-96
54
-107
81
-4
63
67
-42
32
27
-3
-74
-6
94
16
-14
-62
18
84
-16
-117
111
-69
-18
32
-69
-79
-31
11
-102
44
5
-9
50
-44
85
16
-27
-77
71
-13
4
127
-35
-32
50
-34
54
-79
53
37
-21
35
-65
-2
36
-8
-63
101
119
74
-107
14
3
124
-51
43
61
14
-109
-41
-43
-47
-16
123
19
-50
-29
-45
47
29
-66
-50
94
-77
-66
127
10
4
-2
-30
18
93
-44
36
-4
-22
22
-37
-72
-54
46
-14
117
28
-29
-40
102
-29
-6
53
34
-24
-53
-95
-38
55
-1
-53
-4
32
100
-78
-16
-123
108
-60
-3
-127
-81
-45
58
61
-35
-4
93
45
37
111
93
-8
-58
37
-109
-36
82
-24
-51
92
21
23
82
102
44
62
95
-30
-44
101
-58
35
-11
-84
-43
80
60
30
53
15
-84
-100
-37
1
85
-70
73
-55
-75
73
-65
109
-39
-36
94
98
-17
-100
71
63
12
-117
3
69
127
34
-82
-4
-94
73
100
24
-88
-79
-104
102
51
-42
-80
60
-7
-82
-94
36
-105
60
82
15
-36
-14
48
10
74
71
-53
-6
-7
83
53
79
-52
-31
90
57
51
-75
72
17
27
-32
127
-54
1
61
-93
-17
-39
-93
-76
-29
-5
-95
77
107
42
79
78
-93
-33
-99
-14
32
-105
-80
74
63
32
-67
-85
86
10
-60
93
58
76
84
-77
-24
-18
39
-77
-83
-1
120
-7
34
-54
96
70
-108
-31
4
80
-98
89
16
35
-90
-103
-6
7
63
59
69
-104
84
-69
97
110
17
-106
69
72
-46
-35
-49
99
127
114
65
33
47
21
76
106
51
-4
90
-17
22
-66
-48
96
48
81
14
58
37
32
32
-3
52
-30
-5
-122
30
-40
11
12
-51
86
-40
-82
-51
70
-71
11
-33
98
116
-55
-92
73
-93
-62
31
-109
27
19
42
-78
-35
-41
14
-93
-30
-7
51
-102
-18
-4
-66
-40
95
32
-32
-19
-101
90
44
-33
-5
68
41
28
-64
93
58
-12
116
-23
-61
38
-24
-13
-25
58
43
99
-48
69
-101
-39
-37
89
74
-1
80
-48
88
53
-103
-64
93
110
70
13
-41
40
2
-122
-99
52
17
-50
-5
127
107
-40
-56
72
49
70
-14
-40
99
-82
109
38
-7
-110
-4
5
-22
-103
80
73
-6
-27
-76
-43
-62
-75
16
-31
64
-82
-109
59
-17
127
-21
55
-68
-61
65
78
10
-20
-84
-49
-45
33
75
48
-74
-16
84
-12
24
51
37
38
35
66
0
35
-17
-34
25
26
-49
-57
2
-83
-72
-30
-21
78
7
-125
-52
29
7
-84
-12
76
64
59
33
47
86
5
-31
60
-75
-98
31
8
88
-61
-22
91
-94
-39
-63
7
14
118
-86
32
-93
62
-68
-53
-25
-92
-56
10
-27
61
-58
74
-70
-65
-88
-71
-91
127
127
-88
-77
0
-96
-69
-49
-11
70
67
64
74
-14
23
45
72
-101
25
17
10
61
-19
22
-100
-1
-31
90
-63
-73
-79
-14
-79
10
-97
-48
16
56
13
-39
5
75
110
-84
-79
-99
12
-41
55
-88
71
57
-74
81
72
53
-97
114
-50
10
-82
-11
127
22
-45
-46
28
38
102
95
12
-33
115
21
-72
40
-89
79
-60
-40
-18
-102
-45
48
30
-60
-41
43
-14
31
2
-65
-57
-10
51
-53
8
19
-93
-127
127
-80
-72
30
-67
61
-26
-57
-12
-95
-77
-4
-16
-42
51
22
-45
-83
-24
1
-31
-11
-63
-52
-23
36
115
-20
69
-23
-36
-5
28
-98
-114
-6
-95
-66
25
-115
52
35
-27
-70
3
5
-31
-48
-10
56
98
14
117
71
-34
40
-74
-45
-77
-40
-31
-81
18
13
-64
38
-39
84
5
106
101
-38
26
-49
90
15
-59
-66
-19
75
-4
-27
-1
-37
51
2
36
-41
13
-14
75
33
-97
13
-79
12
59
70
22
-47
43
-47
17
-86
8
68
123
-16
76
124
-34
-7
75
-46
-97
50
47
-74
-25
-36
-14
94
-89
7
-1
61
-22
36
-46
-1
87
30
91
-58
-61
-61
65
-40
99
-41
83
-127
92
-101
47
-18
63
46
86
-66
-67
-24
12
106
45
-66
-101
-3
93
60
-23
22
72
-48
-6
83
-69
17
-39
-8
78
-40
54
23
77
24
-47
-95
107
9
-48
-17
16
-29
39
64
11
-95
47
57
-109
-41
-37
47
-60
117
-1
93
-59
-72
-120
44
101
-49
-2
-9
80
-22
-99
78
-4
-113
-118
34
-29
66
-75
54
87
43
110
-59
121
-55
30
-102
-72
-11
-39
-29
27
23
-58
-13
-5
-86
-40
72
-114
108
56
61
24
63
58
-15
43
2
77
-63
-7
-75
73
26
21
-77
-65
-11
-42
-6
101
127
-106
67
39
-35
-95
-34
80
16
-51
59
55
11
-49
-29
5
31
-14
-96
106
-80
-114
-17
31
-14
52
8
-5
50
-17
-36
17
35
-91
6
30
85
-122
66
55
106
43
24
58
-23
-126
17
10
95
64
-15
-69
-40
7
127
5
-1
93
78
-53
8
-84
12
-7
65
40
49
31
42
59
43
34
-42
0
87
-60
-43
35
-121
-127
-40
-76
64
54
-10
79
-10
43
-84
39
20
72
65
56
17
-65
84
-45
64
-101
-33
-93
-45
-72
36
88
-89
6
35
-127
-45
2
-62
78
-84
-48
88
30
-115
91
29
69
73
29
82
-27
1
68
-42
-37
-15
22
111
-46
7
72
-64
-40
72
-51
-15
22
11
-18
-74
68
-33
53
-42
85
-84
21
13
-67
-12
72
106
38
-127
93
-12
-16
-66
1
34
-57
-34
29
5
74
42
-64
-73
-73
103
-72
75
74
-100
89
-61
48
-73
112
-10
51
100
-12
-55
3
-93
-86
-83
44
33
60
-105
-11
75
72
46
101
85
18
127
72
-50
-67
-112
76
-74
-66
-2
-119
39
-6
-3
75
-70
-11
-99
24
127
1
-102
-3
91
53
1
36
-108
105
35
-94
-19
99
42
-56
-57
-77
68
-39
90
72
10
12
-101
-74
-45
29
-1
127
66
74
114
-100
-57
14
8
9
-19
-42
-102
57
-46
15
-9
-5
33
-37
53
36
-36
-110
6
-103
-17
-70
-82
-40
92
21
-108
-70
87
-26
51
49
29
-59
17
104
0
38
-95
16
-83
-103
46
-61
76
89
49
21
-68
-45
114
100
77
-25
98
-30
21
21
-117
-113
80
93
0
12
-70
60
21
90
-11
-47
109
70
33
-49
7
76
-56
-18
84
-52
-48
-27
-122
85
79
-20
-35
-19
52
-24
-11
-3
36
57
-111
114
-65
127
91
40
89
-95
34
-31
53
-52
73
77
-54
-14
-80
-67
9
63
59
-25
-105
59
-33
-93
-56
-104
-12
-11
106
103
-20
-12
18
71
-104
-21
23
48
121
11
-26
-11
-26
64
24
-60
50
22
97
-30
-115
34
62
24
-76
-90
-16
32
-75
-8
55
34
-109
68
-96
-61
-3
-6
-21
16
40
33
43
-88
42
-24
-118
121
-89
67
95
60
28
-60
95
-98
57
-13
-96
92
-72
33
-2
-60
-23
28
-56
-48
-47
-58
-43
-42
51
33
-15
-27
-53
-91
23
0
3
-42
115
-4
104
-123
72
61
93
65
72
39
61
-21
1
-87
64
46
-100
13
-72
3
-54
-13
3
-61
67
-24
-46
100
-107
-97
-59
-67
112
-102
84
48
62
81
92
91
-45
-73
42
-127
-38
85
-34
36
-36
76
-3
-101
87
56
104
77
-11
-43
47
-34
38
-53
-55
-44
-26
71
103
-70
112
73
-46
24
-42
75
104
8
120
126
-56
-68
52
-75
-31
-93
35
26
-60
-1
96
-110
-84
-90
16
-8
-33
-8
24
-13
-5
40
-43
-61
-37
43
-81
-16
91
34
-61
14
-24
116
-107
-27
-44
16
117
50
-70
-42
43
-81
-30
-39
-44
-89
101
-18
95
0
111
-53
-106
86
-85
-5
-59
-55
54
-93
105
49
80
-42
-18
49
-69
-33
23
55
-107
-2
8
-76
58
6
73
-79
-127
-4
18
62
47
-14
12
47
67
-116
127
127
-28
28
-38
15
40
66
-127
62
77
87
42
-14
62
-96
59
-60
-62
-93
-93
-42
-62
-72
16
75
-66
-51
-14
45
-44
-44
-38
-57
90
103
23
68
67
-26
83
53
-54
36
15
16
-79
-50
47
-75
-94
99
-74
-5
-23
-72
95
48
52
-66
59
-80
-127
-8
-94
40
-82
7
-89
-93
-99
47
30
-14
-15
20
-33
-33
-61
74
-59
-102
-18
27
-27
-35
-48
-113
-111
-70
-60
48
86
-28
-69
44
93
33
-57
-24
57
-31
-22
5
40
-10
103
-84
-75
63
6
84
-16
84
74
-104
64
-64
33
101
6
4
59
67
84
55
29
62
35
-23
-12
-33
-59
26
83
-82
-69
-49
-113
84
77
35
-50
-87
26
-75
4
-96
19
-39
17
-31
0
-23
-56
-44
42
21
56
-1
-80
53
-94
87
-63
-68
79
-25
-36
-84
74
-49
-48
-11
-7
-75
-1
-12
119
24
20
-105
-29
4
-29
-12
-115
89
7
-74
-46
-127
-75
-69
89
38
-35
106
-72
-64
84
-79
41
75
67
-69
-36
6
-29
127
61
54
3
-58
-43
-38
62
-57
76
-117
74
-62
110
-32
-31
-77
-30
65
-85
2
-109
-85
-32
77
24
-2
32
16
-39
-46
-22
-5
-105
-61
67
38
-17
62
-45
-55
-18
-22
48
52
0
-49
83
-93
-1
76
-7
58
53
-68
114
-65
-18
-32
88
-20
-70
104
-22
-106
6
-41
1
22
52
26
2
77
85
52
-40
-43
-112
-10
-10
68
-74
-35
-127
-32
-101
-22
11
2
-33
16
-19
-8
-2
-109
89
-70
99
18
-13
27
-2
26
-81
47
80
104
97
-36
-23
38
15
27
83
-55
39
-89
-2
-32
22
-2
-9
-92
63
-31
30
-8
-88
5
-63
25
-58
42
126
96
-91
95
109
69
-11
-52
68
-122
-112
-74
-80
115
76
-68
118
-103
-89
-50
60
37
12
63
1
44
-55
30
-44
89
19
-59
113
112
17
-6
-75
-25
-4
63
125
97
97
-42
-29
-23
60
16
-17
12
127
-79
3
-66
-53
18
52
-91
-56
-53
16
-39
93
-40
77
-19
52
17
-59
41
26
21
25
-29
-81
-53
-16
4
-74
-19
-85
19
54
19
-35
-92
24
91
-2
-14
124
-41
-2
-127
21
41
-10
23
99
-11
-38
81
-20
-45
115
-73
-12
34
17
89
7
-43
-37
-20
85
-18
-27
-47
90
-68
-76
53
67
-40
9
-75
20
-20
-15
40
48
24
40
102
-5
-56
73
23
94
-68
-20
-44
58
-107
-21
-67
18
-104
-32
-64
26
-96
-94
91
13
-41
-43
29
-36
-2
-61
81
-62
97
127
-42
17
-26
-81
32
57
-127
85
-103
82
88
-57
89
49
-54
55
91
29
-30
38
-79
-42
66
82
-65
0
-32
-77
-92
58
33
45
-33
56
-17
-4
29
-54
-14
-24
-82
-73
-87
-18
79
104
-18
103
-78
-66
-81
88
-85
22
10
-48
-27
-63
18
-40
26
-14
41
40
-73
-101
-40
112
-16
-103
-20
-29
-85
14
-111
109
-45
-9
-26
-106
114
108
-108
21
93
-44
94
-104
-63
73
15
-62
125
103
-2
-103
41
-24
-73
75
-9
-52
-28
-51
-108
43
-7
-77
-31
-56
-9
-9
112
7
-19
89
102
-60
29
60
75
-25
-23
37
-47
-69
-92
89
5
76
112
-48
24
-117
-51
58
70
-37
29
-110
-58
41
-85
-52
-46
-96
111
53
-114
9
-62
-58
-69
127
37
27
-29
70
16
21
79
102
-40
20
-51
-84
47
89
10
25
-98
24
-96
40
-99
-7
-21
51
33
-89
-81
-28
38
-38
-35
-28
-85
0
101
79
-50
43
44
95
-84
-75
68
-79
-66
-56
12
65
32
-21
-19
109
-46
3
104
-40
80
-35
-40
-23
114
79
59
56
-80
-8
-30
-113
104
106
26
29
74
-113
-87
113
101
-11
-43
-59
-20
57
-51
-93
26
29
71
-51
-66
-67
-48
71
-16
-43
26
-25
97
-17
93
22
53
-54
-14
43
-127
-87
-106
37
13
7
-26
37
-55
22
10
-16
-73
-105
-70
-62
30
-58
-127
56
42
-127
-68
27
-23
11
-85
34
110
23
-26
-71
-43
-60
-83
-38
97
26
-61
56
38
-41
30
98
-63
8
-63
-15
81
33
-71
24
-74
-127
74
93
-76
51
-7
17
55
-56
-82
2
8
-58
55
81
102
-109
59
-1
-40
-44
-20
66
82
-10
95
-23
36
-26
-65
90
46
96
40
-21
-112
25
-89
30
-20
60
-49
2
22
-33
71
15
-86
37
54
92
79
-46
-83
53
110
-46
-83
19
109
-64
-41
-7
84
-44
-127
77
-19
-73
19
-6
-53
-88
102
44
44
-11
14
2
127
-115
-25
-7
-28
-23
-59
-78
74
-4
27
66
-75
43
-94
14
-62
-91
-75
6
108
3
23
9
125
-44
22
-42
-61
-72
-36
21
26
60
-103
-43
127
71
72
23
46
16
49
51
63
-25
2
-127
90
21
-22
69
2
89
56
-32
89
-49
42
98
-61
37
80
94
-36
54
-46
54
-55
-112
-81
72
77
-35
98
-72
-60
-79
-21
-91
16
-62
56
-3
-43
56
-8
-13
54
-24
3
-16
7
-24
-96
-39
48
-114
-98
-78
39
114
-49
14
46
-6
20
-60
64
102
-79
35
35
111
-38
15
-40
-48
-5
-41
-57
-13
21
-46
74
80
-86
7
-69
62
9
81
36
-13
-35
85
40
-54
9
22
116
125
-29
11
69
41
91
6
-62
-52
-11
95
-104
14
95
-33
-20
-80
53
-62
-101
68
7
29
31
4
34
-79
81
-45
120
-91
-20
-18
73
-80
64
39
-97
16
-39
-50
25
-40
-44
-65
-111
-35
-57
75
117
-65
-22
73
90
15
-99
15
2
108
74
-89
-13
-35
-67
51
25
74
0
-16
69
17
82
3
-121
29
5
-71
18
-41
24
-39
-17
48
4
39
-13
58
-6
-64
102
-48
-13
9
70
98
118
-95
-95
62
40
-15
-10
-85
41
-89
26
-98
21
75
-77
19
29
9
-87
111
27
6
-43
-32
4
30
74
127
-18
76
1
-26
-29
101
-52
-14
-41
32
82
93
-1
-38
52
-27
-109
4
86
92
85
19
-22
8
62
55
-75
49
-15
-71
40
23
-104
-89
20
-3
31
-107
102
76
44
34
47
-62
50
91
-78
-25
69
54
74
17
113
41
15
-46
24
21
-39
-72
87
-25
-20
-59
-4
60
-48
-43
76
50
94
80
20
48
57
-37
60
-78
6
22
-1
53
127
100
-44
-77
49
119
71
-35
117
24
108
102
6
-17
-87
-26
-3
106
-57
45
-118
71
86
53
-49
-111
28
-21
37
-102
-4
-118
-35
3
-98
-52
26
-19
-43
-97
-94
-43
69
-127
65
8
80
107
94
45
17
-54
-35
-72
44
-10
102
-88
69
48
100
24
79
-27
-18
-127
32
-19
65
34
1
-52
-106
10
127
-45
23
-86
72
-69
19
PRELOAD_MULT
28891
29033
32315
28603
31094
28188
31023
32111
31724
28190
33419
30585
30761
29626
29498
25592
33499
37235
34764
34988
37420
37780
39352
32349
30937
31167
34196
35328
36317
32624
36484
36413
23668
25448
26085
27324
23416
25021
23724
23233
28153
23329
27140
21497
25245
26919
27655
25455
32936
29583
29420
29325
30536
29692
30112
29096
29850
29835
28697
30521
31450
26210
29819
27209
28573
24039
29128
27482
30995
28243
27155
22844
27488
28687
28733
30804
28259
27583
28754
25525
27488
30626
25459
30154
31380
31078
29212
29122
29611
27485
31085
27448
30934
27262
28907
28755
23063
25400
21019
24562
23039
24022
24317
24415
23800
22683
24007
21569
24531
23397
24431
24060
28274
28117
30427
29929
28788
32101
26616
27886
30680
24587
30639
31072
29421
27436
30649
29841
30268
29989
29955
31055
31818
28875
26740
33579
34181
31104
30809
30277
27487
31763
27777
31155
24067
24813
24400
26513
24032
23783
24885
26024
23755
24387
27277
22561
24703
24791
28473
26195
34741
34392
39493
43016
39410
39453
34894
37952
34322
39162
38513
40380
42268
38268
34837
42109
35471
36784
35709
31960
33425
32303
36864
31690
37520
31768
34682
30562
30940
32018
36959
32048

CASE 1 0 0 4 0 2
A
-37
95
-61
84
-23
42
-47
-111
8
32
-69
-6
-75
53
-31
-5
-15
2
103
-78
17
54
48
-54
26
19
-56
-24
14
37
20
9
11
24
30
19
37
22
92
24
26
-25
42
-9
-53
-45
-47
-61
-39
-51
88
11
-56
34
7
55
33
46
59
-35
-51
-74
-68
-56
-38
-11
78
54
-51
-89
112
7
-13
-35
-18
79
-32
9
28
8
10
91
-48
-10
49
-24
41
47
-77
28
-13
58
22
44
-54
-81
-72
60
-35
-26
31
19
60
-8
24
127
23
-33
-31
-39
36
-24
-1
-12
-52
-23
89
21
-25
27
-32
-51
-6
110
4
59
3
50
6
57
6
-53
-54
17
-7
111
6
5
36
60
-54
-17
-80
-75
13
-55
25
1
28
-88
-55
-41
28
53
-29
-37
-5
53
67
37
19
-122
81
22
-3
71
54
-66
-65
-34
-54
70
-34
-1
8
-30
47
66
58
-10
-27
-46
3
34
-61
27
-52
-33
-90
-42
-11
-17
23
-77
-2
39
-20
-46
-2
-40
-47
42
48
45
22
-21
72
-25
-64
18
-48
-12
80
49
-68
-26
-15
-6
-60
-11
78
-17
-35
-33
-44
29
94
-36
-85
60
64
-12
-81
32
42
54
41
-63
-100
5
-23
72
25
5
-98
-80
-20
32
-5
58
-14
-6
26
40
-33
-90
EXPECT
19
11
-44
72
-24
-33
-102
-66
-17
-55
78
80
28
-41
-20
46
27
-57
-3
-56
5
-54
14
62
37
36
-9
62
54
80
19
30
0
50
41
8
13
38
-68
67
71
-113
7
-49
-104
-127
-71
21
26
66
-77
34
12
-16
51
24
20
-54
64
22
65
10
16
-47
END

CASE 2 1 0 4 0 2
A
-37
95
-61
84
-23
42
-47
-111
8
32
-69
-6
-75
53
-31
-5
-15
2
103
-78
17
54
48
-54
26
19
-56
-24
14
37
20
9
11
24
30
19
37
22
92
24
26
-25
42
-9
-53
-45
-47
-61
-39
-51
88
11
-56
34
7
55
33
46
59
-35
-51
-74
-68
-56
-38
-11
78
54
-51
-89
112
7
-13
-35
-18
79
-32
9
28
8
10
91
-48
-10
49
-24
41
47
-77
28
-13
58
22
44
-54
-81
-72
60
-35
-26
31
19
60
-8
24
127
23
-33
-31
-39
36
-24
-1
-12
-52
-23
89
21
-25
27
-32
-51
-6
110
4
59
3
50
6
57
6
-53
-54
17
-7
111
6
5
36
60
-54
-17
-80
-75
13
-55
25
1
28
-88
-55
-41
28
53
-29
-37
-5
53
67
37
19
-122
81
22
-3
71
54
-66
-65
-34
-54
70
-34
-1
8
-30
47
66
58
-10
-27
-46
3
34
-61
27
-52
-33
-90
-42
-11
-17
23
-77
-2
39
-20
-46
-2
-40
-47
42
48
45
22
-21
72
-25
-64
18
-48
-12
80
49
-68
-26
-15
-6
-60
-11
78
-17
-35
-33
-44
29
94
-36
-85
60
64
-12
-81
32
42
54
41
-63
-100
5
-23
72
25
5
-98
-80
-20
32
-5
58
-14
-6
26
40
-33
-90
EXPECT
-19
-90
-44
18
11
-82
-18
-30
33
-95
52
-13
-63
-9
80
54
109
20
-16
32
-45
-15
-56
38
33
-19
-25
80
7
-112
22
9
20
38
55
-50
-30
-8
-1
-14
73
-8
72
-16
-53
68
-84
-24
34
-35
-66
20
44
26
1
15
9
-78
-19
-127
3
-1
5
5
END

CASE 3 2 0 4 0 2
A
-37
95
-61
84
-23
42
-47
-111
8
32
-69
-6
-75
53
-31
-5
-15
2
103
-78
17
54
48
-54
26
19
-56
-24
14
37
20
9
11
24
30
19
37
22
92
24
26
-25
42
-9
-53
-45
-47
-61
-39
-51
88
11
-56
34
7
55
33
46
59
-35
-51
-74
-68
-56
-38
-11
78
54
-51
-89
112
7
-13
-35
-18
79
-32
9
28
8
10
91
-48
-10
49
-24
41
47
-77
28
-13
58
22
44
-54
-81
-72
60
-35
-26
31
19
60
-8
24
127
23
-33
-31
-39
36
-24
-1
-12
-52
-23
89
21
-25
27
-32
-51
-6
110
4
59
3
50
6
57
6
-53
-54
17
-7
111
6
5
36
60
-54
-17
-80
-75
13
-55
25
1
28
-88
-55
-41
28
53
-29
-37
-5
53
67
37
19
-122
81
22
-3
71
54
-66
-65
-34
-54
70
-34
-1
8
-30
47
66
58
-10
-27
-46
3
34
-61
27
-52
-33
-90
-42
-11
-17
23
-77
-2
39
-20
-46
-2
-40
-47
42
48
45
22
-21
72
-25
-64
18
-48
-12
80
49
-68
-26
-15
-6
-60
-11
78
-17
-35
-33
-44
29
94
-36
-85
60
64
-12
-81
32
42
54
41
-63
-100
5
-23
72
25
5
-98
-80
-20
32
-5
58
-14
-6
26
40
-33
-90
EXPECT
-77
51
-32
53
-11
-6
39
22
-46
17
34
-87
-35
-54
83
-34
-2
-20
-25
127
-39
-75
-27
-73
92
-71
-74
1
9
-97
15
108
9
-52
-22
-45
-5
-46
65
-8
-67
-29
51
-94
-20
36
-49
25
23
41
2
82
-32
-30
-43
-21
49
-25
-27
-79
-26
-11
48
0
END

CASE 4 0 1 4 0 2
A
-37
95
-61
84
-23
42
-47
-111
8
32
-69
-6
-75
53
-31
-5
-15
2
103
-78
17
54
48
-54
26
19
-56
-24
14
37
20
9
11
24
30
19
37
22
92
24
26
-25
42
-9
-53
-45
-47
-61
-39
-51
88
11
-56
34
7
55
33
46
59
-35
-51
-74
-68
-56
-38
-11
78
54
-51
-89
112
7
-13
-35
-18
79
-32
9
28
8
10
91
-48
-10
49
-24
41
47
-77
28
-13
58
22
44
-54
-81
-72
60
-35
-26
31
19
60
-8
24
127
23
-33
-31
-39
36
-24
-1
-12
-52
-23
89
21
-25
27
-32
-51
-6
110
4
59
3
50
6
57
6
-53
-54
17
-7
111
6
5
36
60
-54
-17
-80
-75
13
-55
25
1
28
-88
-55
-41
28
53
-29
-37
-5
53
67
37
19
-122
81
22
-3
71
54
-66
-65
-34
-54
70
-34
-1
8
-30
47
66
58
-10
-27
-46
3
34
-61
27
-52
-33
-90
-42
-11
-17
23
-77
-2
39
-20
-46
-2
-40
-47
42
48
45
22
-21
72
-25
-64
18
-48
-12
80
49
-68
-26
-15
-6
-60
-11
78
-17
-35
-33
-44
29
94
-36
-85
60
64
-12
-81
32
42
54
41
-63
-100
5
-23
72
25
5
-98
-80
-20
32
-5
58
-14
-6
26
40
-33
-90
EXPECT
90
-96
-31
-14
-17
39
83
-127
-54
-21
69
-2
54
6
-19
-23
-57
-69
95
94
0
28
-9
104
24
12
15
-53
96
-50
-10
29
-64
56
-26
-24
-16
20
-24
35
-5
38
-8
103
4
-43
90
23
-14
3
81
43
-66
-33
7
89
6
-5
-6
13
98
-36
-10
-105
END

CASE 5 2 3 2 0 2
A
-37
95
-61
84
-23
42
-47
-111
8
32
-69
-6
-75
53
-31
-5
-15
2
103
-78
17
54
48
-54
26
19
-56
-24
14
37
20
9
11
24
30
19
37
22
92
24
26
-25
42
-9
-53
-45
-47
-61
-39
-51
88
11
-56
34
7
55
33
46
59
-35
-51
-74
-68
-56
-38
-11
78
54
-51
-89
112
7
-13
-35
-18
79
-32
9
28
8
10
91
-48
-10
49
-24
41
47
-77
28
-13
58
22
44
-54
-81
-72
60
-35
-26
31
19
60
-8
24
127
23
-33
-31
-39
36
-24
-1
-12
-52
-23
89
21
-25
27
-32
-51
-6
110
4
59
3
50
EXPECT
-46
41
32
95
-25
35
-37
-58
97
-50
-77
-23
-127
40
50
7
30
-54
9
12
60
20
2
31
-60
-60
5
-57
79
26
7
-58
END
